,scene_id,frame_id,rgb_path,visib_fract,obj_id,idx_obj,obj_poses
0,000002,753,datasets/bop23_challenge/datasets/icbin/train_pbr/000002/rgb/000753.jpg,0.8884941240776169,1,14,"[[ 7.81740069e-01  6.23375237e-01 -1.69062726e-02 -1.04773117e+02]
 [-6.23543918e-01  7.81754613e-01 -7.26266764e-03 -5.65601959e+01]
 [ 8.68918933e-03  1.62193198e-02  9.99830723e-01  6.84915527e+02]
 [ 0.00000000e+00  0.00000000e+00  0.00000000e+00  1.00000000e+00]]"
1,000003,29,datasets/bop23_challenge/datasets/icbin/train_pbr/000003/rgb/000029.jpg,0.9994115339348765,1,10,"[[-9.77803469e-01  1.42441079e-01  1.53660089e-01 -1.82822845e+02]
 [-4.15157899e-02 -8.50544512e-01  5.24262249e-01 -8.34789352e+01]
 [ 2.05371186e-01  5.06245971e-01  8.37578475e-01  7.34296448e+02]
 [ 0.00000000e+00  0.00000000e+00  0.00000000e+00  1.00000000e+00]]"
2,000004,823,datasets/bop23_challenge/datasets/icbin/train_pbr/000004/rgb/000823.jpg,0.9711622487620157,1,14,"[[-5.28147161e-01 -7.70289063e-01 -3.57372463e-01  2.30031033e+01]
 [ 8.35027397e-01 -3.94683003e-01 -3.83346230e-01  2.05841904e+01]
 [ 1.54238552e-01 -5.00879109e-01  8.51663411e-01  5.91738159e+02]
 [ 0.00000000e+00  0.00000000e+00  0.00000000e+00  1.00000000e+00]]"
3,000000,124,datasets/bop23_challenge/datasets/icbin/train_pbr/000000/rgb/000124.jpg,0.8997376858058875,1,17,"[[-5.90223610e-01  8.06979954e-01  2.04852447e-02 -7.16820602e+01]
 [-6.83578908e-01 -4.86148506e-01 -5.44407666e-01 -4.68997345e+01]
 [-4.29367185e-01 -3.35325480e-01  8.38570595e-01  8.24258728e+02]
 [ 0.00000000e+00  0.00000000e+00  0.00000000e+00  1.00000000e+00]]"
4,000006,681,datasets/bop23_challenge/datasets/icbin/train_pbr/000006/rgb/000681.jpg,1.0,1,14,"[[-7.36783683e-01 -6.60097003e-01 -1.46363407e-01  2.56980705e+01]
 [ 5.10425508e-01 -6.84992254e-01  5.19857585e-01 -2.23069656e+02]
 [-4.43414152e-01  3.08314830e-01  8.41620982e-01  7.26807251e+02]
 [ 0.00000000e+00  0.00000000e+00  0.00000000e+00  1.00000000e+00]]"
5,000005,78,datasets/bop23_challenge/datasets/icbin/train_pbr/000005/rgb/000078.jpg,0.9986965022811211,1,18,"[[ 7.63025939e-01  4.25143301e-01 -4.86872226e-01 -9.25699387e+01]
 [-3.76504183e-01  9.04601276e-01  1.99852645e-01  1.50430634e+02]
 [ 5.25391281e-01  3.08166724e-02  8.50302517e-01  6.91831055e+02]
 [ 0.00000000e+00  0.00000000e+00  0.00000000e+00  1.00000000e+00]]"
6,000002,784,datasets/bop23_challenge/datasets/icbin/train_pbr/000002/rgb/000784.jpg,0.9960287443267776,1,7,"[[-2.25315273e-01  5.77416778e-01  7.84743845e-01 -6.61136093e+01]
 [-9.29326892e-01  1.14481270e-01 -3.51063520e-01 -1.33625977e+02]
 [-2.92548448e-01 -8.08383524e-01  5.10814548e-01  7.32856995e+02]
 [ 0.00000000e+00  0.00000000e+00  0.00000000e+00  1.00000000e+00]]"
7,000001,681,datasets/bop23_challenge/datasets/icbin/train_pbr/000001/rgb/000681.jpg,1.0,1,19,"[[-9.71880406e-02  5.23236454e-01 -8.46627474e-01  1.73597763e+02]
 [-9.60184157e-01 -2.73154348e-01 -5.85923567e-02 -1.64380341e+02]
 [-2.61917651e-01  8.07223797e-01  5.28950751e-01  9.26559143e+02]
 [ 0.00000000e+00  0.00000000e+00  0.00000000e+00  1.00000000e+00]]"
8,000000,700,datasets/bop23_challenge/datasets/icbin/train_pbr/000000/rgb/000700.jpg,0.903643026514335,1,5,"[[ 3.63706976e-01  3.86815965e-01 -8.47402334e-01  2.01874710e+02]
 [-6.24305546e-01  7.76382625e-01  8.64440352e-02 -2.87119080e+02]
 [ 6.91346407e-01  4.97597665e-01  5.23867130e-01  8.00546265e+02]
 [ 0.00000000e+00  0.00000000e+00  0.00000000e+00  1.00000000e+00]]"
9,000008,707,datasets/bop23_challenge/datasets/icbin/train_pbr/000008/rgb/000707.jpg,0.9386931970959935,1,6,"[[-4.38000321e-01  2.59727478e-01  8.60637903e-01 -1.52068390e+02]
 [-5.62918842e-01 -8.25669885e-01 -3.73089090e-02  4.33318367e+01]
 [ 7.00912535e-01 -5.00810564e-01  5.07848918e-01  6.18451111e+02]
 [ 0.00000000e+00  0.00000000e+00  0.00000000e+00  1.00000000e+00]]"
10,000004,157,datasets/bop23_challenge/datasets/icbin/train_pbr/000004/rgb/000157.jpg,1.0,1,9,"[[ 3.54535490e-01  7.45297492e-01  5.64655900e-01  1.07455437e+02]
 [-3.92582625e-01  6.66725636e-01 -6.33526504e-01  3.91042023e+01]
 [-8.48636270e-01  2.93356692e-03  5.28968751e-01  6.64502625e+02]
 [ 0.00000000e+00  0.00000000e+00  0.00000000e+00  1.00000000e+00]]"
11,000007,490,datasets/bop23_challenge/datasets/icbin/train_pbr/000007/rgb/000490.jpg,0.9872116921671614,1,19,"[[ 3.80878180e-01  3.05108577e-01 -8.72834802e-01  1.28098129e+02]
 [-8.71629715e-01  4.33474272e-01 -2.28826836e-01 -1.60523453e+02]
 [ 3.08534384e-01  8.47943902e-01  4.31042582e-01  8.11688904e+02]
 [ 0.00000000e+00  0.00000000e+00  0.00000000e+00  1.00000000e+00]]"
12,000000,806,datasets/bop23_challenge/datasets/icbin/train_pbr/000000/rgb/000806.jpg,1.0,1,10,"[[ 9.04015601e-01  1.00262173e-01 -4.15575892e-01  9.75193100e+01]
 [ 3.03444743e-01  5.34248650e-01  7.88986623e-01 -1.76580750e+02]
 [ 3.01126420e-01 -8.39360535e-01  4.52545106e-01  9.03563782e+02]
 [ 0.00000000e+00  0.00000000e+00  0.00000000e+00  1.00000000e+00]]"
13,000005,252,datasets/bop23_challenge/datasets/icbin/train_pbr/000005/rgb/000252.jpg,0.9996288506742546,1,0,"[[-5.09475231e-01  8.18966389e-01  2.64062971e-01  2.66407318e+02]
 [-5.02101660e-01 -3.37231234e-02 -8.64150941e-01 -2.89693165e+00]
 [-6.98805511e-01 -5.72849810e-01  4.28385347e-01  6.06975647e+02]
 [ 0.00000000e+00  0.00000000e+00  0.00000000e+00  1.00000000e+00]]"
14,000003,225,datasets/bop23_challenge/datasets/icbin/train_pbr/000003/rgb/000225.jpg,1.0,1,5,"[[-2.45307997e-01  4.07067835e-01 -8.79841030e-01 -3.77993164e+01]
 [-6.35947108e-01 -7.52576947e-01 -1.70879751e-01 -1.04245811e+02]
 [-7.31707454e-01  5.17614126e-01  4.43486273e-01  7.48888672e+02]
 [ 0.00000000e+00  0.00000000e+00  0.00000000e+00  1.00000000e+00]]"
15,000000,691,datasets/bop23_challenge/datasets/icbin/train_pbr/000000/rgb/000691.jpg,0.8454179254783485,1,7,"[[ 2.86453664e-01 -7.42607176e-01 -6.05375350e-01 -2.37229706e+02]
 [ 3.48429680e-01  6.69333637e-01 -6.56193137e-01 -9.35998306e+01]
 [ 8.92491698e-01 -2.29616202e-02  4.50479329e-01  6.86593689e+02]
 [ 0.00000000e+00  0.00000000e+00  0.00000000e+00  1.00000000e+00]]"
16,000006,16,datasets/bop23_challenge/datasets/icbin/train_pbr/000006/rgb/000016.jpg,0.9953147280505195,1,5,"[[-4.52575125e-02  6.16949983e-02 -9.97068584e-01  1.25656204e+02]
 [-8.21313202e-01  5.65878272e-01  7.22942874e-02 -2.97298676e+02]
 [ 5.68679690e-01  8.22177351e-01  2.50606146e-02  7.65897705e+02]
 [ 0.00000000e+00  0.00000000e+00  0.00000000e+00  1.00000000e+00]]"
17,000008,969,datasets/bop23_challenge/datasets/icbin/train_pbr/000008/rgb/000969.jpg,0.9839326702371843,1,7,"[[ 3.11972916e-01 -9.17817593e-01  2.45527744e-01  2.13502804e-04]
 [ 7.44194761e-02 -2.34025210e-01 -9.69378233e-01  6.72432816e-06]
 [ 9.47171986e-01  3.20691854e-01 -4.70610196e-03  9.96316223e+02]
 [ 0.00000000e+00  0.00000000e+00  0.00000000e+00  1.00000000e+00]]"
18,000002,405,datasets/bop23_challenge/datasets/icbin/train_pbr/000002/rgb/000405.jpg,1.0,1,11,"[[-2.17349585e-02 -8.67999271e-02  9.95988607e-01  1.02078423e+02]
 [-2.99367070e-01 -9.49947894e-01 -8.93204659e-02 -5.01044502e+01]
 [ 9.53890383e-01 -3.00107598e-01 -5.33785159e-03  7.17809570e+02]
 [ 0.00000000e+00  0.00000000e+00  0.00000000e+00  1.00000000e+00]]"
19,000001,226,datasets/bop23_challenge/datasets/icbin/train_pbr/000001/rgb/000226.jpg,0.8305507580118979,1,18,"[[-7.82006621e-01 -6.16004586e-01  9.48892385e-02 -1.88921677e+02]
 [-7.47336596e-02 -5.84717356e-02 -9.95487809e-01 -2.11543961e+02]
 [ 6.18773401e-01 -7.85569489e-01 -3.10994888e-04  7.52270569e+02]
 [ 0.00000000e+00  0.00000000e+00  0.00000000e+00  1.00000000e+00]]"
20,000002,650,datasets/bop23_challenge/datasets/icbin/train_pbr/000002/rgb/000650.jpg,0.9939626783754116,1,12,"[[ 9.90350604e-01 -2.57809199e-02 -1.36165574e-01  2.55715363e+02]
 [ 1.35897636e-01 -1.18827121e-02  9.90651667e-01 -5.83688164e+01]
 [-2.71579176e-02 -9.99597073e-01 -8.26448575e-03  8.71889465e+02]
 [ 0.00000000e+00  0.00000000e+00  0.00000000e+00  1.00000000e+00]]"
21,000009,978,datasets/bop23_challenge/datasets/icbin/train_pbr/000009/rgb/000978.jpg,0.9965445749827229,1,13,"[[ 7.92606771e-01 -5.57592034e-01 -2.46709764e-01  2.11546341e+02]
 [ 2.01768443e-01 -1.41969174e-01  9.69089568e-01  1.24932198e+02]
 [-5.75381696e-01 -8.17885160e-01 -2.12932100e-05  6.33901917e+02]
 [ 0.00000000e+00  0.00000000e+00  0.00000000e+00  1.00000000e+00]]"
22,000002,97,datasets/bop23_challenge/datasets/icbin/train_pbr/000002/rgb/000097.jpg,0.9982181040627227,1,5,"[[-2.60826975e-01  8.17853153e-01 -5.12918830e-01 -2.88124176e+02]
 [ 1.57564908e-01 -4.88120437e-01 -8.58435810e-01  5.75103683e+01]
 [-9.52440500e-01 -3.04721117e-01 -1.55015802e-03  9.89613770e+02]
 [ 0.00000000e+00  0.00000000e+00  0.00000000e+00  1.00000000e+00]]"
23,000007,136,datasets/bop23_challenge/datasets/icbin/train_pbr/000007/rgb/000136.jpg,0.9997841571336067,1,10,"[[ 1.97681963e-01  6.78780794e-01 -7.07233012e-01 -1.72244965e+02]
 [-2.19549432e-01 -6.72484517e-01 -7.06797481e-01 -2.11505646e+02]
 [-9.55363750e-01  2.94993728e-01  1.60878189e-02  7.93192566e+02]
 [ 0.00000000e+00  0.00000000e+00  0.00000000e+00  1.00000000e+00]]"
24,000001,262,datasets/bop23_challenge/datasets/icbin/train_pbr/000001/rgb/000262.jpg,0.9290028422548555,1,6,"[[ 4.34572875e-01  2.82721013e-01  8.55111301e-01  8.55666504e+01]
 [ 6.88876033e-01  5.07272005e-01 -5.17807841e-01  1.34050232e+02]
 [-5.80169201e-01  8.14090908e-01  2.56869309e-02  4.13572723e+02]
 [ 0.00000000e+00  0.00000000e+00  0.00000000e+00  1.00000000e+00]]"
25,000008,749,datasets/bop23_challenge/datasets/icbin/train_pbr/000008/rgb/000749.jpg,0.9764705882352941,1,1,"[[-6.96236253e-01 -1.70988310e-03 -7.17810929e-01  2.77107880e+02]
 [-7.17788398e-01  9.93025582e-03  6.96190655e-01  1.09047600e+02]
 [ 5.93772437e-03  9.99949336e-01 -8.14133417e-03  8.68940430e+02]
 [ 0.00000000e+00  0.00000000e+00  0.00000000e+00  1.00000000e+00]]"
26,000002,399,datasets/bop23_challenge/datasets/icbin/train_pbr/000002/rgb/000399.jpg,0.9611111111111111,1,7,"[[-2.59159803e-01 -7.68526554e-01  5.84981084e-01  7.95245056e+01]
 [-3.36708814e-01  6.39568210e-01  6.91071332e-01  1.03533592e+02]
 [-9.05242026e-01 -1.78703014e-02 -4.24520016e-01  3.94997284e+02]
 [ 0.00000000e+00  0.00000000e+00  0.00000000e+00  1.00000000e+00]]"
27,000009,736,datasets/bop23_challenge/datasets/icbin/train_pbr/000009/rgb/000736.jpg,0.9984759969519938,1,1,"[[-3.10304947e-02  6.67104244e-01  7.44317949e-01 -5.38021202e+01]
 [ 7.05262780e-01 -5.13070405e-01  4.89247859e-01 -1.14860657e+02]
 [ 7.08266735e-01  5.40121257e-01 -4.54563081e-01  8.36059326e+02]
 [ 0.00000000e+00  0.00000000e+00  0.00000000e+00  1.00000000e+00]]"
28,000000,894,datasets/bop23_challenge/datasets/icbin/train_pbr/000000/rgb/000894.jpg,0.9726197183098592,1,18,"[[-3.26465160e-01  3.42472196e-01 -8.80984306e-01 -1.96625488e+02]
 [ 6.47235155e-01  7.60253131e-01  5.56943454e-02  6.40067062e+01]
 [ 6.88844860e-01 -5.52021742e-01 -4.69856203e-01  5.65109375e+02]
 [ 0.00000000e+00  0.00000000e+00  0.00000000e+00  1.00000000e+00]]"
29,000009,239,datasets/bop23_challenge/datasets/icbin/train_pbr/000009/rgb/000239.jpg,0.9959957287773625,1,5,"[[-1.71236053e-01 -4.13721412e-01  8.94154847e-01 -1.27069221e+02]
 [-9.39483047e-01  3.41906428e-01 -2.17180643e-02  1.74833794e+01]
 [-2.96732098e-01 -8.43762159e-01 -4.47230965e-01  8.66056030e+02]
 [ 0.00000000e+00  0.00000000e+00  0.00000000e+00  1.00000000e+00]]"
30,000005,227,datasets/bop23_challenge/datasets/icbin/train_pbr/000005/rgb/000227.jpg,0.8121026607016718,1,9,"[[-8.24295282e-02 -4.78682309e-01 -8.74110281e-01 -1.56497190e-04]
 [-9.67162013e-01 -1.73171088e-01  1.86036617e-01 -3.62516403e-05]
 [-2.40422964e-01  8.60741079e-01 -4.48689014e-01  8.07239197e+02]
 [ 0.00000000e+00  0.00000000e+00  0.00000000e+00  1.00000000e+00]]"
31,000002,622,datasets/bop23_challenge/datasets/icbin/train_pbr/000002/rgb/000622.jpg,0.8205206271883088,1,0,"[[-4.55206543e-01  5.32174170e-01 -7.13847160e-01 -7.00013657e+01]
 [ 2.51338780e-01  8.45923662e-01  4.70363617e-01 -1.57734283e+02]
 [ 8.54175627e-01  3.46950851e-02 -5.18826008e-01  6.55346985e+02]
 [ 0.00000000e+00  0.00000000e+00  0.00000000e+00  1.00000000e+00]]"
32,000007,698,datasets/bop23_challenge/datasets/icbin/train_pbr/000007/rgb/000698.jpg,0.9980879541108987,1,3,"[[ 4.96646523e-01 -8.56264532e-01  1.41962349e-01  3.20781342e+02]
 [-5.17663002e-01 -1.60934880e-01  8.40312421e-01  1.63884602e+01]
 [-6.96683049e-01 -4.90826905e-01 -5.23184240e-01  7.31016602e+02]
 [ 0.00000000e+00  0.00000000e+00  0.00000000e+00  1.00000000e+00]]"
33,000007,476,datasets/bop23_challenge/datasets/icbin/train_pbr/000007/rgb/000476.jpg,0.9968424376381434,1,9,"[[-1.96851492e-01 -8.31473291e-01 -5.19520819e-01 -1.54931641e+02]
 [-6.98268950e-01 -2.53069729e-01  6.69609129e-01  1.25550301e+02]
 [-6.88237011e-01  4.94578689e-01 -5.30774951e-01  4.81248077e+02]
 [ 0.00000000e+00  0.00000000e+00  0.00000000e+00  1.00000000e+00]]"
34,000009,283,datasets/bop23_challenge/datasets/icbin/train_pbr/000009/rgb/000283.jpg,0.8057368601855033,1,10,"[[-1.78624362e-01  5.75236022e-01  7.98246324e-01  1.20903763e+02]
 [ 9.53040063e-01 -1.00497872e-01  2.85683662e-01  6.21430206e+01]
 [ 2.44557440e-01  8.11790645e-01 -5.30271709e-01  4.97629608e+02]
 [ 0.00000000e+00  0.00000000e+00  0.00000000e+00  1.00000000e+00]]"
35,000009,728,datasets/bop23_challenge/datasets/icbin/train_pbr/000009/rgb/000728.jpg,0.9916507633587787,1,5,"[[ 7.80699849e-01 -9.54330191e-02  6.17576241e-01  2.10181381e+02]
 [-5.50013959e-01 -5.74056506e-01  6.06584132e-01  1.28228836e+02]
 [ 2.96635330e-01 -8.13235641e-01 -5.00655353e-01  8.24148499e+02]
 [ 0.00000000e+00  0.00000000e+00  0.00000000e+00  1.00000000e+00]]"
36,000008,115,datasets/bop23_challenge/datasets/icbin/train_pbr/000008/rgb/000115.jpg,0.9990044798407167,1,10,"[[-7.41808772e-01 -5.23782670e-01  4.18774247e-01  7.31685104e+01]
 [-4.56445396e-01  8.51851761e-01  2.56916761e-01 -4.12696762e+01]
 [-4.91302133e-01 -5.64501446e-04 -8.70989263e-01  6.46666199e+02]
 [ 0.00000000e+00  0.00000000e+00  0.00000000e+00  1.00000000e+00]]"
37,000002,576,datasets/bop23_challenge/datasets/icbin/train_pbr/000002/rgb/000576.jpg,0.9981713321142214,1,7,"[[ 6.34908915e-01 -7.71878660e-01  3.30757238e-02 -1.97238342e+02]
 [-6.52568936e-01 -5.58704495e-01 -5.11862397e-01  9.22696304e+00]
 [ 4.13575202e-01  3.03401798e-01 -8.58430505e-01  6.06116150e+02]
 [ 0.00000000e+00  0.00000000e+00  0.00000000e+00  1.00000000e+00]]"
38,000002,29,datasets/bop23_challenge/datasets/icbin/train_pbr/000002/rgb/000029.jpg,0.8042704626334519,1,14,"[[-6.77817822e-01 -7.33694136e-01 -4.75022532e-02 -1.54112152e+02]
 [-6.16145611e-01  6.02097094e-01 -5.07783234e-01 -9.21528702e+01]
 [ 4.01158512e-01 -3.14916104e-01 -8.60174596e-01  9.14433044e+02]
 [ 0.00000000e+00  0.00000000e+00  0.00000000e+00  1.00000000e+00]]"
39,000006,106,datasets/bop23_challenge/datasets/icbin/train_pbr/000006/rgb/000106.jpg,0.8217848845155118,1,15,"[[ 9.85222161e-01 -8.13860446e-02 -1.50710270e-01 -2.16978668e+02]
 [ 9.37827863e-03 -8.52947176e-01  5.21913230e-01 -2.74753857e+00]
 [-1.71024323e-01 -5.15613854e-01 -8.39579225e-01  6.22520081e+02]
 [ 0.00000000e+00  0.00000000e+00  0.00000000e+00  1.00000000e+00]]"
40,000000,162,datasets/bop23_challenge/datasets/icbin/train_pbr/000000/rgb/000162.jpg,0.9987808594940567,1,16,"[[-8.25184703e-01  4.18108195e-01  3.79810095e-01  1.11532265e+02]
 [ 5.46839952e-01  7.59803653e-01  3.51659596e-01  9.48705368e+01]
 [-1.41549334e-01  4.97879475e-01 -8.55616629e-01  6.43195618e+02]
 [ 0.00000000e+00  0.00000000e+00  0.00000000e+00  1.00000000e+00]]"
41,000009,51,datasets/bop23_challenge/datasets/icbin/train_pbr/000009/rgb/000051.jpg,1.0,1,12,"[[ 9.96403933e-01  8.46001431e-02  4.69476776e-03 -8.57753143e+01]
 [ 8.46644938e-02 -9.96284068e-01 -1.58195645e-02 -3.09643021e+01]
 [ 3.33898445e-03  1.61601547e-02 -9.99863982e-01  6.17236450e+02]
 [ 0.00000000e+00  0.00000000e+00  0.00000000e+00  1.00000000e+00]]"
42,000004,943,datasets/bop23_challenge/datasets/icbin/train_pbr/000004/rgb/000943.jpg,0.9955534381451485,2,16,"[[ 6.09479189e-01 -7.90619314e-01  5.87898903e-02 -2.55470943e+01]
 [ 7.92063951e-01  6.10434473e-01 -2.13038223e-03 -5.68698425e+01]
 [-3.42030562e-02  4.78637740e-02  9.98268127e-01  6.26422791e+02]
 [ 0.00000000e+00  0.00000000e+00  0.00000000e+00  1.00000000e+00]]"
43,000008,155,datasets/bop23_challenge/datasets/icbin/train_pbr/000008/rgb/000155.jpg,0.9964634146341463,2,15,"[[-4.63963002e-01  8.16936493e-01 -3.42568338e-01  2.66383118e+02]
 [-8.63584936e-01 -3.30946684e-01  3.80388379e-01  1.92947296e+02]
 [ 1.97381303e-01  4.72323000e-01  8.59041095e-01  7.64602173e+02]
 [ 0.00000000e+00  0.00000000e+00  0.00000000e+00  1.00000000e+00]]"
44,000009,744,datasets/bop23_challenge/datasets/icbin/train_pbr/000009/rgb/000744.jpg,0.97888,2,8,"[[-8.87346625e-01  2.87507236e-01  3.60493600e-01 -1.94923813e+02]
 [-4.31034058e-01 -7.94899762e-01 -4.27017778e-01  2.28710495e+02]
 [ 1.63785562e-01 -5.34297764e-01  8.29276919e-01  7.56943359e+02]
 [ 0.00000000e+00  0.00000000e+00  0.00000000e+00  1.00000000e+00]]"
45,000007,641,datasets/bop23_challenge/datasets/icbin/train_pbr/000007/rgb/000641.jpg,0.9566395663956639,2,9,"[[-5.37352800e-01 -6.66987121e-01 -5.16120493e-01  1.11070091e+02]
 [ 7.27496564e-01 -6.76167011e-01  1.16392165e-01 -8.17053909e+01]
 [-4.26615655e-01 -3.12932193e-01  8.48570883e-01  7.93138489e+02]
 [ 0.00000000e+00  0.00000000e+00  0.00000000e+00  1.00000000e+00]]"
46,000002,894,datasets/bop23_challenge/datasets/icbin/train_pbr/000002/rgb/000894.jpg,0.9652460410245509,2,10,"[[ 7.71486878e-01 -4.01487708e-01  4.93574321e-01 -5.46082191e+01]
 [ 4.78825092e-01  8.77217174e-01 -3.48790064e-02 -2.03131699e+02]
 [-4.18968379e-01  2.63244480e-01  8.69003952e-01  6.66616028e+02]
 [ 0.00000000e+00  0.00000000e+00  0.00000000e+00  1.00000000e+00]]"
47,000003,104,datasets/bop23_challenge/datasets/icbin/train_pbr/000003/rgb/000104.jpg,1.0,2,6,"[[-7.66293943e-01 -3.93945009e-01  5.07544160e-01  9.12533722e+01]
 [ 3.00238460e-01 -9.17970002e-01 -2.59206563e-01 -2.30022984e+01]
 [ 5.68023443e-01 -4.62441184e-02  8.21712196e-01  9.29318909e+02]
 [ 0.00000000e+00  0.00000000e+00  0.00000000e+00  1.00000000e+00]]"
48,000002,802,datasets/bop23_challenge/datasets/icbin/train_pbr/000002/rgb/000802.jpg,0.909965237543453,2,9,"[[ 7.65982151e-01  1.27961844e-01  6.29997730e-01 -2.49820282e+02]
 [-5.81021011e-01  5.57185411e-01  5.93261421e-01  2.04426102e+02]
 [-2.75110781e-01 -8.20469558e-01  5.01142621e-01  8.26125366e+02]
 [ 0.00000000e+00  0.00000000e+00  0.00000000e+00  1.00000000e+00]]"
49,000000,683,datasets/bop23_challenge/datasets/icbin/train_pbr/000000/rgb/000683.jpg,0.9913165923492138,2,4,"[[ 6.88216746e-01  5.37289739e-01 -4.87521857e-01 -1.13116295e+02]
 [-6.80465817e-01  2.44958147e-01 -6.90624356e-01  4.91140366e+01]
 [-2.51642853e-01  8.07041109e-01  5.34191489e-01  7.85631714e+02]
 [ 0.00000000e+00  0.00000000e+00  0.00000000e+00  1.00000000e+00]]"
50,000006,884,datasets/bop23_challenge/datasets/icbin/train_pbr/000006/rgb/000884.jpg,0.930240669689571,2,7,"[[-7.07339764e-01  6.36827707e-01  3.06791008e-01 -1.33543762e+02]
 [-1.81605548e-01 -5.83160877e-01  7.91797042e-01  2.65766937e+02]
 [ 6.83146894e-01  5.04354715e-01  5.28144479e-01  9.15559570e+02]
 [ 0.00000000e+00  0.00000000e+00  0.00000000e+00  1.00000000e+00]]"
51,000004,387,datasets/bop23_challenge/datasets/icbin/train_pbr/000004/rgb/000387.jpg,1.0,2,9,"[[ 6.03105187e-01  7.97651768e-01 -3.97888804e-03 -1.61139832e+02]
 [-4.32517976e-01  3.31210256e-01  8.38586926e-01  3.66170387e+01]
 [ 6.70218170e-01 -5.04035175e-01  5.44753313e-01  5.89851929e+02]
 [ 0.00000000e+00  0.00000000e+00  0.00000000e+00  1.00000000e+00]]"
52,000006,734,datasets/bop23_challenge/datasets/icbin/train_pbr/000006/rgb/000734.jpg,0.8410138248847926,2,3,"[[-3.33456188e-01 -7.65828729e-01 -5.49830496e-01 -1.89910400e+02]
 [ 4.32839364e-01 -6.42472565e-01  6.32360160e-01 -5.44575882e+01]
 [-8.37530494e-01 -2.71239411e-02  5.45717001e-01  1.14524683e+03]
 [ 0.00000000e+00  0.00000000e+00  0.00000000e+00  1.00000000e+00]]"
53,000008,506,datasets/bop23_challenge/datasets/icbin/train_pbr/000008/rgb/000506.jpg,0.9403387220939184,2,15,"[[ 1.97299093e-01 -4.67737019e-01  8.61565650e-01 -1.47728027e+02]
 [ 9.47165847e-01 -1.35752022e-01 -2.90600359e-01 -1.23327744e+02]
 [ 2.52883643e-01  8.73380721e-01  4.16240573e-01  9.59342224e+02]
 [ 0.00000000e+00  0.00000000e+00  0.00000000e+00  1.00000000e+00]]"
54,000000,562,datasets/bop23_challenge/datasets/icbin/train_pbr/000000/rgb/000562.jpg,0.984180900621118,2,17,"[[ 7.91257858e-01 -6.75525516e-03 -6.11445248e-01 -1.71950607e+02]
 [ 5.23428619e-01  5.24428070e-01  6.71563566e-01 -9.33475571e+01]
 [ 3.16122472e-01 -8.51427972e-01  4.18493718e-01  6.74210449e+02]
 [ 0.00000000e+00  0.00000000e+00  0.00000000e+00  1.00000000e+00]]"
55,000005,73,datasets/bop23_challenge/datasets/icbin/train_pbr/000005/rgb/000073.jpg,0.9715338245144005,2,12,"[[ 6.74342036e-01 -5.76288342e-01  4.61686671e-01 -1.00043497e+01]
 [ 3.08257621e-03  6.27428114e-01  7.78668404e-01  2.27871948e+02]
 [-7.38412678e-01 -5.23665667e-01  4.24877614e-01  9.18298035e+02]
 [ 0.00000000e+00  0.00000000e+00  0.00000000e+00  1.00000000e+00]]"
56,000005,449,datasets/bop23_challenge/datasets/icbin/train_pbr/000005/rgb/000449.jpg,0.8426215371348497,2,17,"[[ 2.44365036e-01  8.07791650e-01 -5.36431253e-01 -2.54211151e+02]
 [-6.79797530e-01 -2.51783669e-01 -6.88825369e-01  2.54072067e+02]
 [-6.91491961e-01  5.32989502e-01  4.87607539e-01  7.54367920e+02]
 [ 0.00000000e+00  0.00000000e+00  0.00000000e+00  1.00000000e+00]]"
57,000009,91,datasets/bop23_challenge/datasets/icbin/train_pbr/000009/rgb/000091.jpg,0.9823982398239824,2,13,"[[-3.62486243e-01  5.12701035e-01  7.78293848e-01 -3.47547188e+01]
 [-1.84682682e-01 -8.58043849e-01  4.79221344e-01 -2.15435852e+02]
 [ 9.13507521e-01  2.99737491e-02  4.05716091e-01  7.88768250e+02]
 [ 0.00000000e+00  0.00000000e+00  0.00000000e+00  1.00000000e+00]]"
58,000003,539,datasets/bop23_challenge/datasets/icbin/train_pbr/000003/rgb/000539.jpg,0.9992402947656309,2,17,"[[ 8.01510930e-01 -5.58192074e-01  2.14480326e-01 -2.81537262e+02]
 [ 1.70073330e-01 -1.31069824e-01 -9.76675868e-01 -8.41232605e+01]
 [ 5.73284626e-01  8.19293797e-01 -1.01203155e-02  6.49580078e+02]
 [ 0.00000000e+00  0.00000000e+00  0.00000000e+00  1.00000000e+00]]"
59,000007,464,datasets/bop23_challenge/datasets/icbin/train_pbr/000007/rgb/000464.jpg,0.9361614709054491,2,1,"[[ 1.16169438e-01 -4.17576224e-01  9.01185274e-01 -1.59387711e+02]
 [ 2.72474706e-01 -8.59120429e-01 -4.33208883e-01  4.42204905e+00]
 [ 9.55124259e-01  2.95875847e-01  1.39752664e-02  5.38670410e+02]
 [ 0.00000000e+00  0.00000000e+00  0.00000000e+00  1.00000000e+00]]"
60,000009,82,datasets/bop23_challenge/datasets/icbin/train_pbr/000009/rgb/000082.jpg,0.9565163833456516,2,13,"[[-2.70355582e-01 -7.91327059e-01 -5.48369765e-01 -1.42961319e+02]
 [ 1.65091917e-01  5.23039162e-01 -8.36166680e-01  2.39382065e+02]
 [ 9.48500156e-01 -3.16593736e-01 -1.07648568e-02  7.61836914e+02]
 [ 0.00000000e+00  0.00000000e+00  0.00000000e+00  1.00000000e+00]]"
61,000005,380,datasets/bop23_challenge/datasets/icbin/train_pbr/000005/rgb/000380.jpg,0.9996814677963942,2,6,"[[-3.52772981e-01 -2.56701529e-01  8.99808824e-01 -5.22525291e+01]
 [-7.34855652e-01 -5.19300401e-01 -4.36250746e-01 -1.65926178e+02]
 [ 5.79257131e-01 -8.15126896e-01 -5.44369174e-03  6.05675354e+02]
 [ 0.00000000e+00  0.00000000e+00  0.00000000e+00  1.00000000e+00]]"
62,000007,681,datasets/bop23_challenge/datasets/icbin/train_pbr/000007/rgb/000681.jpg,0.8813270948532539,2,5,"[[-8.56518894e-02  1.20453015e-02  9.96252477e-01 -2.63882385e+02]
 [-9.96324956e-01 -1.94792505e-04 -8.56556222e-02  9.65298233e+01]
 [-8.37831700e-04 -9.99927580e-01  1.20175574e-02  8.41861694e+02]
 [ 0.00000000e+00  0.00000000e+00  0.00000000e+00  1.00000000e+00]]"
63,000008,845,datasets/bop23_challenge/datasets/icbin/train_pbr/000008/rgb/000845.jpg,0.8889799934404723,2,18,"[[-7.99115658e-01  6.01177216e-01  9.43260384e-04 -3.67239380e+01]
 [-1.56962220e-02 -1.92959104e-02 -9.99690831e-01  2.02869843e+02]
 [-6.00973010e-01 -7.98883021e-01  2.48554535e-02  9.72979980e+02]
 [ 0.00000000e+00  0.00000000e+00  0.00000000e+00  1.00000000e+00]]"
64,000008,678,datasets/bop23_challenge/datasets/icbin/train_pbr/000008/rgb/000678.jpg,0.862625647273835,2,6,"[[ 2.52965391e-01 -9.54644144e-01  1.57045290e-01  2.01844559e+02]
 [-6.98910654e-02  1.43868610e-01  9.87125754e-01 -2.41014389e+02]
 [-9.64947581e-01 -2.60684788e-01 -3.03273667e-02  9.38464050e+02]
 [ 0.00000000e+00  0.00000000e+00  0.00000000e+00  1.00000000e+00]]"
65,000006,380,datasets/bop23_challenge/datasets/icbin/train_pbr/000006/rgb/000380.jpg,0.9582745098039216,2,17,"[[-1.29710197e-01 -3.22938174e-01  9.37489390e-01  2.93904999e+02]
 [ 2.73324311e-01  8.97201300e-01  3.46876979e-01  4.80253944e+01]
 [-9.53136563e-01  3.01232070e-01 -2.81093214e-02  8.96878235e+02]
 [ 0.00000000e+00  0.00000000e+00  0.00000000e+00  1.00000000e+00]]"
66,000003,400,datasets/bop23_challenge/datasets/icbin/train_pbr/000003/rgb/000400.jpg,0.9971120040180814,2,5,"[[-8.13379407e-01 -5.80741644e-01  3.39613222e-02 -3.47529388e+02]
 [ 3.02667860e-02  1.60535406e-02  9.99413013e-01 -5.16091919e+01]
 [-5.80945909e-01  8.13929737e-01  4.51940484e-03  8.42845886e+02]
 [ 0.00000000e+00  0.00000000e+00  0.00000000e+00  1.00000000e+00]]"
67,000002,266,datasets/bop23_challenge/datasets/icbin/train_pbr/000002/rgb/000266.jpg,0.9997723132969034,2,6,"[[ 2.65985340e-01 -1.80481393e-02 -9.63808119e-01  2.25767493e+00]
 [-9.63976324e-01 -6.22389233e-03 -2.65915215e-01 -1.30113693e+02]
 [-1.19935826e-03  9.99817729e-01 -1.90534461e-02  7.60144470e+02]
 [ 0.00000000e+00  0.00000000e+00  0.00000000e+00  1.00000000e+00]]"
68,000007,670,datasets/bop23_challenge/datasets/icbin/train_pbr/000007/rgb/000670.jpg,0.9999042787403082,2,18,"[[-1.03255175e-01  9.68140781e-01  2.28127241e-01 -2.80255768e+02]
 [ 4.64697033e-01  2.49737784e-01 -8.49522114e-01 -2.03338272e+02]
 [-8.79428983e-01  1.82925947e-02 -4.75678921e-01  7.45898682e+02]
 [ 0.00000000e+00  0.00000000e+00  0.00000000e+00  1.00000000e+00]]"
69,000009,608,datasets/bop23_challenge/datasets/icbin/train_pbr/000009/rgb/000608.jpg,0.9374036979969184,2,14,"[[-5.78082085e-01  8.59301463e-02 -8.11441302e-01  2.14087296e+02]
 [-3.88302326e-01  8.45653415e-01  3.66185158e-01  1.21044853e+02]
 [ 7.17664480e-01  5.26769638e-01 -4.55490202e-01  1.00679919e+03]
 [ 0.00000000e+00  0.00000000e+00  0.00000000e+00  1.00000000e+00]]"
70,000003,243,datasets/bop23_challenge/datasets/icbin/train_pbr/000003/rgb/000243.jpg,0.8250557147405285,2,15,"[[-2.51022279e-01  4.88274872e-01 -8.35808396e-01  1.45649612e+02]
 [ 6.64812148e-01  7.14561403e-01  2.17776969e-01 -2.27028320e+02]
 [ 7.03571439e-01 -5.00988722e-01 -5.03981948e-01  9.03623779e+02]
 [ 0.00000000e+00  0.00000000e+00  0.00000000e+00  1.00000000e+00]]"
71,000005,732,datasets/bop23_challenge/datasets/icbin/train_pbr/000005/rgb/000732.jpg,0.999666035845486,2,11,"[[ 6.15737259e-01 -5.40492713e-01  5.73354483e-01  2.96662922e+01]
 [-7.15020120e-01 -7.75265470e-02  6.94792211e-01  3.77791572e+00]
 [-3.31079960e-01 -8.37769449e-01 -4.34199154e-01  4.40681335e+02]
 [ 0.00000000e+00  0.00000000e+00  0.00000000e+00  1.00000000e+00]]"
72,000008,99,datasets/bop23_challenge/datasets/icbin/train_pbr/000008/rgb/000099.jpg,0.8602723505032563,2,0,"[[ 4.08425108e-02  4.63457853e-01  8.85177255e-01  2.66756379e-05]
 [ 9.69462872e-01  1.96023792e-01 -1.47364989e-01 -8.78862338e-05]
 [-2.41813287e-01  8.64165246e-01 -4.41299111e-01  7.04200989e+02]
 [ 0.00000000e+00  0.00000000e+00  0.00000000e+00  1.00000000e+00]]"
73,000005,926,datasets/bop23_challenge/datasets/icbin/train_pbr/000005/rgb/000926.jpg,0.815970515970516,2,8,"[[ 9.17155296e-02 -9.86517489e-01  1.35542572e-01 -8.03345032e+01]
 [-5.15321672e-01 -1.63493723e-01 -8.41257215e-01 -1.36828857e+02]
 [ 8.52075160e-01  7.30846310e-03 -5.23368835e-01  1.05081543e+03]
 [ 0.00000000e+00  0.00000000e+00  0.00000000e+00  1.00000000e+00]]"
74,000004,665,datasets/bop23_challenge/datasets/icbin/train_pbr/000004/rgb/000665.jpg,0.8784272051009564,2,0,"[[-6.69102192e-01  1.61162034e-01  7.25485384e-01 -3.84437065e+01]
 [-3.19787741e-01  8.18767309e-01 -4.76818532e-01  4.90816154e+01]
 [-6.70848787e-01 -5.51041663e-01 -4.96301353e-01  7.43885193e+02]
 [ 0.00000000e+00  0.00000000e+00  0.00000000e+00  1.00000000e+00]]"
75,000001,892,datasets/bop23_challenge/datasets/icbin/train_pbr/000001/rgb/000892.jpg,0.9444112729878195,2,6,"[[-5.94306231e-01 -8.04238796e-01  6.69483561e-04 -3.55803871e+01]
 [-4.20045882e-01  3.11109722e-01  8.52509439e-01  1.36895905e+02]
 [-6.85829341e-01  5.06370306e-01 -5.22711754e-01  5.81590088e+02]
 [ 0.00000000e+00  0.00000000e+00  0.00000000e+00  1.00000000e+00]]"
76,000009,877,datasets/bop23_challenge/datasets/icbin/train_pbr/000009/rgb/000877.jpg,0.9623957336250513,2,8,"[[ 9.58262146e-01 -1.58899739e-01  2.37664878e-01 -9.95697479e+01]
 [ 1.07528560e-01 -5.69948673e-01 -8.14614415e-01  1.88415344e+02]
 [ 2.64898717e-01  8.06169868e-01 -5.29073954e-01  7.63694763e+02]
 [ 0.00000000e+00  0.00000000e+00  0.00000000e+00  1.00000000e+00]]"
77,000003,652,datasets/bop23_challenge/datasets/icbin/train_pbr/000003/rgb/000652.jpg,1.0,2,17,"[[ 5.03606975e-01 -3.81859243e-01  7.74960339e-01 -1.42960939e+01]
 [-8.16064417e-01 -5.04702508e-01  2.81627893e-01 -1.23283257e+02]
 [ 2.83582181e-01 -7.74247348e-01 -5.65793455e-01  5.41550598e+02]
 [ 0.00000000e+00  0.00000000e+00  0.00000000e+00  1.00000000e+00]]"
78,000005,410,datasets/bop23_challenge/datasets/icbin/train_pbr/000005/rgb/000410.jpg,0.9588907808319144,2,13,"[[ 6.09825253e-01 -6.59937382e-01 -4.38857496e-01  8.32373657e+01]
 [-5.53093493e-01 -7.50976443e-01  3.60724986e-01 -1.27907738e+02]
 [-5.67627370e-01  2.27499679e-02 -8.22971523e-01  8.64580627e+02]
 [ 0.00000000e+00  0.00000000e+00  0.00000000e+00  1.00000000e+00]]"
79,000006,748,datasets/bop23_challenge/datasets/icbin/train_pbr/000006/rgb/000748.jpg,0.8914896323622948,2,0,"[[-4.05794024e-01 -7.64561594e-01 -5.00776768e-01  2.58937225e+01]
 [-7.98133910e-01  5.63408017e-01 -2.13433519e-01  1.03938309e+02]
 [ 4.45324749e-01  3.13076824e-01 -8.38850141e-01  6.81028870e+02]
 [ 0.00000000e+00  0.00000000e+00  0.00000000e+00  1.00000000e+00]]"
80,000001,471,datasets/bop23_challenge/datasets/icbin/train_pbr/000001/rgb/000471.jpg,0.8855200690548123,2,19,"[[ 4.90259916e-01 -7.04770505e-01  5.12780488e-01 -2.55779480e+02]
 [-7.58072019e-01 -6.35123074e-01 -1.48140669e-01 -2.36998917e+02]
 [ 4.30083841e-01 -3.16097051e-01 -8.45642149e-01  6.48621582e+02]
 [ 0.00000000e+00  0.00000000e+00  0.00000000e+00  1.00000000e+00]]"
81,000008,258,datasets/bop23_challenge/datasets/icbin/train_pbr/000008/rgb/000258.jpg,0.9998044583496285,2,2,"[[ 5.80146611e-01 -7.29001164e-01  3.63300443e-01  2.10376419e+02]
 [-7.99830019e-01 -4.25574273e-01  4.23271418e-01 -1.43371567e+02]
 [-1.53954074e-01 -5.36138117e-01 -8.29972565e-01  9.00904907e+02]
 [ 0.00000000e+00  0.00000000e+00  0.00000000e+00  1.00000000e+00]]"
82,000003,748,datasets/bop23_challenge/datasets/icbin/train_pbr/000003/rgb/000748.jpg,0.9547545059042883,2,5,"[[ 7.12676272e-02  8.60861003e-01  5.03824830e-01 -2.69524658e+02]
 [ 9.74114120e-01  4.85682562e-02 -2.20778227e-01 -4.22660866e+01]
 [-2.14529306e-01  5.06517231e-01 -8.35115552e-01  6.09714844e+02]
 [ 0.00000000e+00  0.00000000e+00  0.00000000e+00  1.00000000e+00]]"
83,000009,348,datasets/bop23_challenge/datasets/icbin/train_pbr/000009/rgb/000348.jpg,0.9804627249357326,2,16,"[[ 5.21601140e-01  8.53172064e-01  5.45120938e-03  5.20361595e+01]
 [ 8.52810085e-01 -5.21168113e-01 -3.31501961e-02  9.30265427e+01]
 [-2.54418254e-02  2.19400283e-02 -9.99435604e-01  9.64683289e+02]
 [ 0.00000000e+00  0.00000000e+00  0.00000000e+00  1.00000000e+00]]"
