{
 "cells": [
  {
   "cell_type": "code",
   "execution_count": 2,
   "metadata": {},
   "outputs": [],
   "source": [
    "## read image return array using cv\n",
    "import cv2\n",
    "im = cv2.imread(\"datasets/bop23_challenge/datasets/icbin/train_pbr/000001/rgb/000002.jpg\")"
   ]
  },
  {
   "cell_type": "code",
   "execution_count": 1,
   "metadata": {},
   "outputs": [],
   "source": [
    "import numpy as np\n",
    "file = np.load(\"src/poses/predefined_poses/idx_all_level0_in_level2.npy\")"
   ]
  },
  {
   "cell_type": "code",
   "execution_count": 9,
   "metadata": {},
   "outputs": [
    {
     "data": {
      "text/plain": [
       "array([[[-1.00000000e+00,  0.00000000e+00,  0.00000000e+00,\n",
       "         -0.00000000e+00],\n",
       "        [ 0.00000000e+00, -1.00000000e+00,  0.00000000e+00,\n",
       "         -0.00000000e+00],\n",
       "        [ 0.00000000e+00,  0.00000000e+00,  1.00000000e+00,\n",
       "          1.00000000e+03],\n",
       "        [ 0.00000000e+00,  0.00000000e+00,  0.00000000e+00,\n",
       "          1.00000000e+00]],\n",
       "\n",
       "       [[ 9.51058053e-01, -3.09012264e-01,  0.00000000e+00,\n",
       "          2.84217094e-14],\n",
       "        [ 2.62862646e-01,  8.09021733e-01, -5.25725275e-01,\n",
       "         -5.68434189e-14],\n",
       "        [ 1.62455557e-01,  4.99995257e-01,  8.50654416e-01,\n",
       "          1.00000001e+03],\n",
       "        [ 0.00000000e+00,  0.00000000e+00,  0.00000000e+00,\n",
       "          1.00000000e+00]],\n",
       "\n",
       "       [[-9.51058053e-01, -3.09012264e-01, -0.00000000e+00,\n",
       "         -2.84217094e-14],\n",
       "        [ 2.62862646e-01, -8.09021733e-01, -5.25725275e-01,\n",
       "         -5.68434189e-14],\n",
       "        [ 1.62455557e-01, -4.99995257e-01,  8.50654416e-01,\n",
       "          1.00000001e+03],\n",
       "        [ 0.00000000e+00,  0.00000000e+00,  0.00000000e+00,\n",
       "          1.00000000e+00]],\n",
       "\n",
       "       [[-5.87780750e-01,  8.09020266e-01,  0.00000000e+00,\n",
       "          2.84217094e-14],\n",
       "        [-6.88196485e-01, -4.99998162e-01, -5.25725629e-01,\n",
       "          5.68434189e-14],\n",
       "        [-4.25322688e-01, -3.09011404e-01,  8.50654197e-01,\n",
       "          9.99999985e+02],\n",
       "        [ 0.00000000e+00,  0.00000000e+00,  0.00000000e+00,\n",
       "          1.00000000e+00]],\n",
       "\n",
       "       [[ 5.87780750e-01,  8.09020266e-01,  0.00000000e+00,\n",
       "         -2.84217094e-14],\n",
       "        [-6.88196485e-01,  4.99998162e-01, -5.25725629e-01,\n",
       "          5.68434189e-14],\n",
       "        [-4.25322688e-01,  3.09011404e-01,  8.50654197e-01,\n",
       "          9.99999985e+02],\n",
       "        [ 0.00000000e+00,  0.00000000e+00,  0.00000000e+00,\n",
       "          1.00000000e+00]],\n",
       "\n",
       "       [[ 0.00000000e+00, -1.00000000e+00,  0.00000000e+00,\n",
       "         -0.00000000e+00],\n",
       "        [ 8.50651647e-01,  0.00000000e+00, -5.25729754e-01,\n",
       "          1.13686838e-13],\n",
       "        [ 5.25729754e-01,  0.00000000e+00,  8.50651647e-01,\n",
       "          1.00000004e+03],\n",
       "        [ 0.00000000e+00,  0.00000000e+00,  0.00000000e+00,\n",
       "          1.00000000e+00]],\n",
       "\n",
       "       [[-9.51054787e-01,  3.09022317e-01,  0.00000000e+00,\n",
       "         -2.84217094e-14],\n",
       "        [-1.62464671e-01, -5.00005323e-01, -8.50646758e-01,\n",
       "         -0.00000000e+00],\n",
       "        [-2.62868832e-01, -8.09011672e-01,  5.25737665e-01,\n",
       "          9.99999959e+02],\n",
       "        [ 0.00000000e+00,  0.00000000e+00,  0.00000000e+00,\n",
       "          1.00000000e+00]],\n",
       "\n",
       "       [[ 9.51054787e-01,  3.09022317e-01,  0.00000000e+00,\n",
       "          2.84217094e-14],\n",
       "        [-1.62464671e-01,  5.00005323e-01, -8.50646758e-01,\n",
       "         -0.00000000e+00],\n",
       "        [-2.62868832e-01,  8.09011672e-01,  5.25737665e-01,\n",
       "          9.99999959e+02],\n",
       "        [ 0.00000000e+00,  0.00000000e+00,  0.00000000e+00,\n",
       "          1.00000000e+00]],\n",
       "\n",
       "       [[ 5.87783770e-01, -8.09018072e-01,  0.00000000e+00,\n",
       "          5.68434189e-14],\n",
       "        [ 4.25330070e-01,  3.09019193e-01, -8.50647677e-01,\n",
       "          5.68434189e-14],\n",
       "        [ 6.88189343e-01,  4.99996898e-01,  5.25736179e-01,\n",
       "          1.00000006e+03],\n",
       "        [ 0.00000000e+00,  0.00000000e+00,  0.00000000e+00,\n",
       "          1.00000000e+00]],\n",
       "\n",
       "       [[-5.87783770e-01, -8.09018072e-01, -0.00000000e+00,\n",
       "         -5.68434189e-14],\n",
       "        [ 4.25330070e-01, -3.09019193e-01, -8.50647677e-01,\n",
       "          5.68434189e-14],\n",
       "        [ 6.88189343e-01, -4.99996898e-01,  5.25736179e-01,\n",
       "          1.00000006e+03],\n",
       "        [ 0.00000000e+00,  0.00000000e+00,  0.00000000e+00,\n",
       "          1.00000000e+00]],\n",
       "\n",
       "       [[ 0.00000000e+00,  1.00000000e+00,  0.00000000e+00,\n",
       "         -0.00000000e+00],\n",
       "        [-5.25735903e-01,  0.00000000e+00, -8.50647848e-01,\n",
       "         -0.00000000e+00],\n",
       "        [-8.50647848e-01,  0.00000000e+00,  5.25735903e-01,\n",
       "          1.00000002e+03],\n",
       "        [ 0.00000000e+00,  0.00000000e+00,  0.00000000e+00,\n",
       "          1.00000000e+00]],\n",
       "\n",
       "       [[ 9.51058052e-01, -3.09012269e-01,  0.00000000e+00,\n",
       "         -5.68434189e-14],\n",
       "        [ 1.38196416e-01,  4.25332026e-01, -8.94424071e-01,\n",
       "         -0.00000000e+00],\n",
       "        [ 2.76388012e-01,  8.50649214e-01,  4.47219836e-01,\n",
       "          1.00000003e+03],\n",
       "        [ 0.00000000e+00,  0.00000000e+00,  0.00000000e+00,\n",
       "          1.00000000e+00]],\n",
       "\n",
       "       [[-9.51058052e-01, -3.09012269e-01, -0.00000000e+00,\n",
       "          5.68434189e-14],\n",
       "        [ 1.38196416e-01, -4.25332026e-01, -8.94424071e-01,\n",
       "         -0.00000000e+00],\n",
       "        [ 2.76388012e-01, -8.50649214e-01,  4.47219836e-01,\n",
       "          1.00000003e+03],\n",
       "        [ 0.00000000e+00,  0.00000000e+00,  0.00000000e+00,\n",
       "          1.00000000e+00]],\n",
       "\n",
       "       [[-5.87780735e-01,  8.09020276e-01,  0.00000000e+00,\n",
       "         -0.00000000e+00],\n",
       "        [-3.61809674e-01, -2.62867029e-01, -8.94424220e-01,\n",
       "          5.68434189e-14],\n",
       "        [-7.23607329e-01, -5.25725325e-01,  4.47219538e-01,\n",
       "          9.99999962e+02],\n",
       "        [ 0.00000000e+00,  0.00000000e+00,  0.00000000e+00,\n",
       "          1.00000000e+00]],\n",
       "\n",
       "       [[ 5.87780735e-01,  8.09020276e-01,  0.00000000e+00,\n",
       "         -0.00000000e+00],\n",
       "        [-3.61809674e-01,  2.62867029e-01, -8.94424220e-01,\n",
       "          5.68434189e-14],\n",
       "        [-7.23607329e-01,  5.25725325e-01,  4.47219538e-01,\n",
       "          9.99999962e+02],\n",
       "        [ 0.00000000e+00,  0.00000000e+00,  0.00000000e+00,\n",
       "          1.00000000e+00]],\n",
       "\n",
       "       [[ 0.00000000e+00, -1.00000000e+00,  0.00000000e+00,\n",
       "         -0.00000000e+00],\n",
       "        [ 4.47215598e-01,  0.00000000e+00, -8.94426190e-01,\n",
       "          5.68434189e-14],\n",
       "        [ 8.94426190e-01,  0.00000000e+00,  4.47215598e-01,\n",
       "          1.00000004e+03],\n",
       "        [ 0.00000000e+00,  0.00000000e+00,  0.00000000e+00,\n",
       "          1.00000000e+00]],\n",
       "\n",
       "       [[ 8.09016728e-01, -5.87785619e-01,  0.00000000e+00,\n",
       "          5.68434189e-14],\n",
       "        [ 0.00000000e+00,  0.00000000e+00, -1.00000000e+00,\n",
       "         -0.00000000e+00],\n",
       "        [ 5.87785619e-01,  8.09016728e-01,  0.00000000e+00,\n",
       "          9.99999971e+02],\n",
       "        [ 0.00000000e+00,  0.00000000e+00,  0.00000000e+00,\n",
       "          1.00000000e+00]],\n",
       "\n",
       "       [[ 3.09012647e-01, -9.51057929e-01,  0.00000000e+00,\n",
       "          5.68434189e-14],\n",
       "        [ 0.00000000e+00,  0.00000000e+00, -1.00000000e+00,\n",
       "         -0.00000000e+00],\n",
       "        [ 9.51057929e-01,  3.09012647e-01,  0.00000000e+00,\n",
       "          9.99999918e+02],\n",
       "        [ 0.00000000e+00,  0.00000000e+00,  0.00000000e+00,\n",
       "          1.00000000e+00]],\n",
       "\n",
       "       [[-3.09012647e-01, -9.51057929e-01, -0.00000000e+00,\n",
       "         -5.68434189e-14],\n",
       "        [ 0.00000000e+00,  0.00000000e+00, -1.00000000e+00,\n",
       "         -0.00000000e+00],\n",
       "        [ 9.51057929e-01, -3.09012647e-01,  0.00000000e+00,\n",
       "          9.99999918e+02],\n",
       "        [ 0.00000000e+00,  0.00000000e+00,  0.00000000e+00,\n",
       "          1.00000000e+00]],\n",
       "\n",
       "       [[-8.09016728e-01, -5.87785619e-01, -0.00000000e+00,\n",
       "         -5.68434189e-14],\n",
       "        [ 0.00000000e+00,  0.00000000e+00, -1.00000000e+00,\n",
       "         -0.00000000e+00],\n",
       "        [ 5.87785619e-01, -8.09016728e-01,  0.00000000e+00,\n",
       "          9.99999971e+02],\n",
       "        [ 0.00000000e+00,  0.00000000e+00,  0.00000000e+00,\n",
       "          1.00000000e+00]],\n",
       "\n",
       "       [[-1.00000000e+00, -0.00000000e+00, -0.00000000e+00,\n",
       "         -0.00000000e+00],\n",
       "        [ 0.00000000e+00,  0.00000000e+00, -1.00000000e+00,\n",
       "         -0.00000000e+00],\n",
       "        [ 0.00000000e+00, -1.00000000e+00,  0.00000000e+00,\n",
       "          9.99999940e+02],\n",
       "        [ 0.00000000e+00,  0.00000000e+00,  0.00000000e+00,\n",
       "          1.00000000e+00]],\n",
       "\n",
       "       [[-8.09016728e-01,  5.87785619e-01,  0.00000000e+00,\n",
       "          5.68434189e-14],\n",
       "        [-0.00000000e+00,  0.00000000e+00, -1.00000000e+00,\n",
       "         -0.00000000e+00],\n",
       "        [-5.87785619e-01, -8.09016728e-01,  0.00000000e+00,\n",
       "          9.99999971e+02],\n",
       "        [ 0.00000000e+00,  0.00000000e+00,  0.00000000e+00,\n",
       "          1.00000000e+00]],\n",
       "\n",
       "       [[-3.09012647e-01,  9.51057929e-01,  0.00000000e+00,\n",
       "          5.68434189e-14],\n",
       "        [-0.00000000e+00,  0.00000000e+00, -1.00000000e+00,\n",
       "         -0.00000000e+00],\n",
       "        [-9.51057929e-01, -3.09012647e-01,  0.00000000e+00,\n",
       "          9.99999918e+02],\n",
       "        [ 0.00000000e+00,  0.00000000e+00,  0.00000000e+00,\n",
       "          1.00000000e+00]],\n",
       "\n",
       "       [[ 3.09012647e-01,  9.51057929e-01,  0.00000000e+00,\n",
       "         -5.68434189e-14],\n",
       "        [ 0.00000000e+00,  0.00000000e+00, -1.00000000e+00,\n",
       "         -0.00000000e+00],\n",
       "        [-9.51057929e-01,  3.09012647e-01,  0.00000000e+00,\n",
       "          9.99999918e+02],\n",
       "        [ 0.00000000e+00,  0.00000000e+00,  0.00000000e+00,\n",
       "          1.00000000e+00]],\n",
       "\n",
       "       [[ 8.09016728e-01,  5.87785619e-01,  0.00000000e+00,\n",
       "         -5.68434189e-14],\n",
       "        [ 0.00000000e+00,  0.00000000e+00, -1.00000000e+00,\n",
       "         -0.00000000e+00],\n",
       "        [-5.87785619e-01,  8.09016728e-01,  0.00000000e+00,\n",
       "          9.99999971e+02],\n",
       "        [ 0.00000000e+00,  0.00000000e+00,  0.00000000e+00,\n",
       "          1.00000000e+00]],\n",
       "\n",
       "       [[ 1.00000000e+00, -0.00000000e+00,  0.00000000e+00,\n",
       "         -0.00000000e+00],\n",
       "        [ 0.00000000e+00,  0.00000000e+00, -1.00000000e+00,\n",
       "         -0.00000000e+00],\n",
       "        [ 0.00000000e+00,  1.00000000e+00,  0.00000000e+00,\n",
       "          9.99999940e+02],\n",
       "        [ 0.00000000e+00,  0.00000000e+00,  0.00000000e+00,\n",
       "          1.00000000e+00]],\n",
       "\n",
       "       [[ 0.00000000e+00,  1.00000000e+00,  0.00000000e+00,\n",
       "         -0.00000000e+00],\n",
       "        [ 4.47215598e-01,  0.00000000e+00, -8.94426190e-01,\n",
       "         -5.68434189e-14],\n",
       "        [-8.94426190e-01,  0.00000000e+00, -4.47215598e-01,\n",
       "          1.00000004e+03],\n",
       "        [ 0.00000000e+00,  0.00000000e+00,  0.00000000e+00,\n",
       "          1.00000000e+00]],\n",
       "\n",
       "       [[ 5.87780735e-01, -8.09020276e-01,  0.00000000e+00,\n",
       "         -0.00000000e+00],\n",
       "        [-3.61809674e-01, -2.62867029e-01, -8.94424220e-01,\n",
       "         -5.68434189e-14],\n",
       "        [ 7.23607329e-01,  5.25725325e-01, -4.47219538e-01,\n",
       "          9.99999962e+02],\n",
       "        [ 0.00000000e+00,  0.00000000e+00,  0.00000000e+00,\n",
       "          1.00000000e+00]],\n",
       "\n",
       "       [[-5.87780735e-01, -8.09020276e-01, -0.00000000e+00,\n",
       "         -0.00000000e+00],\n",
       "        [-3.61809674e-01,  2.62867029e-01, -8.94424220e-01,\n",
       "         -5.68434189e-14],\n",
       "        [ 7.23607329e-01, -5.25725325e-01, -4.47219538e-01,\n",
       "          9.99999962e+02],\n",
       "        [ 0.00000000e+00,  0.00000000e+00,  0.00000000e+00,\n",
       "          1.00000000e+00]],\n",
       "\n",
       "       [[-9.51058052e-01,  3.09012269e-01,  0.00000000e+00,\n",
       "         -5.68434189e-14],\n",
       "        [ 1.38196416e-01,  4.25332026e-01, -8.94424071e-01,\n",
       "         -0.00000000e+00],\n",
       "        [-2.76388012e-01, -8.50649214e-01, -4.47219836e-01,\n",
       "          1.00000003e+03],\n",
       "        [ 0.00000000e+00,  0.00000000e+00,  0.00000000e+00,\n",
       "          1.00000000e+00]],\n",
       "\n",
       "       [[ 9.51058052e-01,  3.09012269e-01,  0.00000000e+00,\n",
       "          5.68434189e-14],\n",
       "        [ 1.38196416e-01, -4.25332026e-01, -8.94424071e-01,\n",
       "         -0.00000000e+00],\n",
       "        [-2.76388012e-01,  8.50649214e-01, -4.47219836e-01,\n",
       "          1.00000003e+03],\n",
       "        [ 0.00000000e+00,  0.00000000e+00,  0.00000000e+00,\n",
       "          1.00000000e+00]],\n",
       "\n",
       "       [[ 0.00000000e+00, -1.00000000e+00,  0.00000000e+00,\n",
       "         -0.00000000e+00],\n",
       "        [-5.25735903e-01, -0.00000000e+00, -8.50647848e-01,\n",
       "         -0.00000000e+00],\n",
       "        [ 8.50647848e-01,  0.00000000e+00, -5.25735903e-01,\n",
       "          1.00000002e+03],\n",
       "        [ 0.00000000e+00,  0.00000000e+00,  0.00000000e+00,\n",
       "          1.00000000e+00]],\n",
       "\n",
       "       [[-5.87783770e-01,  8.09018072e-01,  0.00000000e+00,\n",
       "          5.68434189e-14],\n",
       "        [ 4.25330070e-01,  3.09019193e-01, -8.50647677e-01,\n",
       "         -5.68434189e-14],\n",
       "        [-6.88189343e-01, -4.99996898e-01, -5.25736179e-01,\n",
       "          1.00000006e+03],\n",
       "        [ 0.00000000e+00,  0.00000000e+00,  0.00000000e+00,\n",
       "          1.00000000e+00]],\n",
       "\n",
       "       [[ 5.87783770e-01,  8.09018072e-01,  0.00000000e+00,\n",
       "         -5.68434189e-14],\n",
       "        [ 4.25330070e-01, -3.09019193e-01, -8.50647677e-01,\n",
       "         -5.68434189e-14],\n",
       "        [-6.88189343e-01,  4.99996898e-01, -5.25736179e-01,\n",
       "          1.00000006e+03],\n",
       "        [ 0.00000000e+00,  0.00000000e+00,  0.00000000e+00,\n",
       "          1.00000000e+00]],\n",
       "\n",
       "       [[ 9.51054787e-01, -3.09022317e-01,  0.00000000e+00,\n",
       "         -2.84217094e-14],\n",
       "        [-1.62464671e-01, -5.00005323e-01, -8.50646758e-01,\n",
       "         -0.00000000e+00],\n",
       "        [ 2.62868832e-01,  8.09011672e-01, -5.25737665e-01,\n",
       "          9.99999959e+02],\n",
       "        [ 0.00000000e+00,  0.00000000e+00,  0.00000000e+00,\n",
       "          1.00000000e+00]],\n",
       "\n",
       "       [[-9.51054787e-01, -3.09022317e-01, -0.00000000e+00,\n",
       "          2.84217094e-14],\n",
       "        [-1.62464671e-01,  5.00005323e-01, -8.50646758e-01,\n",
       "         -0.00000000e+00],\n",
       "        [ 2.62868832e-01, -8.09011672e-01, -5.25737665e-01,\n",
       "          9.99999959e+02],\n",
       "        [ 0.00000000e+00,  0.00000000e+00,  0.00000000e+00,\n",
       "          1.00000000e+00]],\n",
       "\n",
       "       [[ 0.00000000e+00,  1.00000000e+00,  0.00000000e+00,\n",
       "         -0.00000000e+00],\n",
       "        [ 8.50651647e-01,  0.00000000e+00, -5.25729754e-01,\n",
       "         -1.13686838e-13],\n",
       "        [-5.25729754e-01,  0.00000000e+00, -8.50651647e-01,\n",
       "          1.00000004e+03],\n",
       "        [ 0.00000000e+00,  0.00000000e+00,  0.00000000e+00,\n",
       "          1.00000000e+00]],\n",
       "\n",
       "       [[ 5.87780750e-01, -8.09020266e-01,  0.00000000e+00,\n",
       "          2.84217094e-14],\n",
       "        [-6.88196485e-01, -4.99998162e-01, -5.25725629e-01,\n",
       "         -5.68434189e-14],\n",
       "        [ 4.25322688e-01,  3.09011404e-01, -8.50654197e-01,\n",
       "          9.99999985e+02],\n",
       "        [ 0.00000000e+00,  0.00000000e+00,  0.00000000e+00,\n",
       "          1.00000000e+00]],\n",
       "\n",
       "       [[-5.87780750e-01, -8.09020266e-01, -0.00000000e+00,\n",
       "         -2.84217094e-14],\n",
       "        [-6.88196485e-01,  4.99998162e-01, -5.25725629e-01,\n",
       "         -5.68434189e-14],\n",
       "        [ 4.25322688e-01, -3.09011404e-01, -8.50654197e-01,\n",
       "          9.99999985e+02],\n",
       "        [ 0.00000000e+00,  0.00000000e+00,  0.00000000e+00,\n",
       "          1.00000000e+00]],\n",
       "\n",
       "       [[-9.51058053e-01,  3.09012264e-01,  0.00000000e+00,\n",
       "         -0.00000000e+00],\n",
       "        [ 2.62862641e-01,  8.09021717e-01, -5.25725302e-01,\n",
       "          5.68434189e-14],\n",
       "        [-1.62455566e-01, -4.99995282e-01, -8.50654399e-01,\n",
       "          9.99999958e+02],\n",
       "        [ 0.00000000e+00,  0.00000000e+00,  0.00000000e+00,\n",
       "          1.00000000e+00]],\n",
       "\n",
       "       [[ 9.51058053e-01,  3.09012264e-01,  0.00000000e+00,\n",
       "         -0.00000000e+00],\n",
       "        [ 2.62862641e-01, -8.09021717e-01, -5.25725302e-01,\n",
       "          5.68434189e-14],\n",
       "        [-1.62455566e-01,  4.99995282e-01, -8.50654399e-01,\n",
       "          9.99999958e+02],\n",
       "        [ 0.00000000e+00,  0.00000000e+00,  0.00000000e+00,\n",
       "          1.00000000e+00]],\n",
       "\n",
       "       [[ 1.00000000e+00,  0.00000000e+00,  0.00000000e+00,\n",
       "         -0.00000000e+00],\n",
       "        [ 0.00000000e+00, -1.00000000e+00,  0.00000000e+00,\n",
       "         -0.00000000e+00],\n",
       "        [ 0.00000000e+00,  0.00000000e+00, -1.00000000e+00,\n",
       "          1.00000000e+03],\n",
       "        [ 0.00000000e+00,  0.00000000e+00,  0.00000000e+00,\n",
       "          1.00000000e+00]]])"
      ]
     },
     "execution_count": 9,
     "metadata": {},
     "output_type": "execute_result"
    }
   ],
   "source": [
    "obj_poses = np.load(\"src/poses/predefined_poses/obj_poses_level0.npy\")\n",
    "obj_poses"
   ]
  },
  {
   "cell_type": "code",
   "execution_count": 13,
   "metadata": {},
   "outputs": [],
   "source": [
    "import pandas as pd\n",
    "\n",
    "df = pd.read_csv('datasets/bop23_challenge/datasets/tless/train_pbr_metaData.csv')\n"
   ]
  },
  {
   "cell_type": "code",
   "execution_count": 16,
   "metadata": {},
   "outputs": [
    {
     "data": {
      "text/plain": [
       "0         False\n",
       "1         False\n",
       "2         False\n",
       "3         False\n",
       "4         False\n",
       "          ...  \n",
       "199370    False\n",
       "199371    False\n",
       "199372    False\n",
       "199373    False\n",
       "199374    False\n",
       "Name: obj_id, Length: 199375, dtype: bool"
      ]
     },
     "execution_count": 16,
     "metadata": {},
     "output_type": "execute_result"
    }
   ],
   "source": [
    "df[\"obj_id\"] == 1"
   ]
  },
  {
   "cell_type": "code",
   "execution_count": 18,
   "metadata": {},
   "outputs": [
    {
     "data": {
      "text/plain": [
       "array([  3002,   3021,   3040, ..., 199323, 199343, 199363])"
      ]
     },
     "execution_count": 18,
     "metadata": {},
     "output_type": "execute_result"
    }
   ],
   "source": [
    "index_dataframe = np.arange(0, len(df))\n",
    "index_dataframe[df[\"obj_id\"] == 1]"
   ]
  },
  {
   "cell_type": "code",
   "execution_count": 1,
   "metadata": {},
   "outputs": [],
   "source": [
    "import json\n",
    "file_path = \"datasets/bop23_challenge/results/cnos_exps/SAM_PBR_CustomSamAutomaticMaskGenerator_template_pbr0_aggavg_5_tless.json\"\n",
    "file = json.load(open(file_path, 'r'))"
   ]
  },
  {
   "cell_type": "code",
   "execution_count": 4,
   "metadata": {},
   "outputs": [
    {
     "name": "stdout",
     "output_type": "stream",
     "text": [
      "62623\n",
      "{'scene_id': 1, 'image_id': 17, 'category_id': 1, 'bbox': [207, 196, 63, 67], 'score': 0.5460606217384338, 'time': 2.142730712890625, 'segmentation': {'counts': [111459, 18, 522, 18, 518, 24, 514, 29, 510, 33, 505, 36, 502, 40, 498, 43, 496, 45, 494, 47, 493, 47, 492, 50, 488, 53, 486, 56, 484, 57, 482, 59, 481, 60, 478, 63, 477, 63, 477, 63, 477, 65, 475, 65, 475, 65, 475, 66, 474, 66, 474, 67, 472, 68, 472, 68, 472, 68, 472, 68, 472, 68, 472, 68, 472, 68, 472, 69, 471, 69, 472, 68, 472, 67, 473, 67, 473, 67, 472, 68, 472, 68, 472, 68, 473, 67, 473, 66, 474, 66, 476, 64, 476, 64, 476, 63, 478, 62, 479, 59, 481, 59, 482, 57, 484, 55, 486, 54, 487, 52, 488, 52, 489, 50, 492, 47, 494, 45, 497, 42, 499, 38, 505, 33, 512, 27, 520, 17, 523, 17, 526, 10, 242220], 'size': [540, 720]}}\n"
     ]
    }
   ],
   "source": [
    "print(len(file))\n",
    "print(file[0])"
   ]
  },
  {
   "cell_type": "code",
   "execution_count": 8,
   "metadata": {},
   "outputs": [
    {
     "data": {
      "text/plain": [
       "dict_keys(['scene_id', 'image_id', 'category_id', 'bbox', 'score', 'time', 'segmentation'])"
      ]
     },
     "execution_count": 8,
     "metadata": {},
     "output_type": "execute_result"
    }
   ],
   "source": [
    "file[0].keys()"
   ]
  },
  {
   "cell_type": "code",
   "execution_count": null,
   "metadata": {},
   "outputs": [],
   "source": [
    "{'scene_id': 1, 'image_id': 17, 'category_id': 1, 'bbox': [207, 196, 63, 67], 'score': 0.5460606217384338, 'time': 2.142730712890625, 'segmentation': {'counts': [111459, 18, 522, 18, 518, 24, 514, 29, 510, 33, 505, 36, 502, 40, 498, 43, 496, 45, 494, 47, 493, 47, 492, 50, 488, 53, 486, 56, 484, 57, 482, 59, 481, 60, 478, 63, 477, 63, 477, 63, 477, 65, 475, 65, 475, 65, 475, 66, 474, 66, 474, 67, 472, 68, 472, 68, 472, 68, 472, 68, 472, 68, 472, 68, 472, 68, 472, 69, 471, 69, 472, 68, 472, 67, 473, 67, 473, 67, 472, 68, 472, 68, 472, 68, 473, 67, 473, 66, 474, 66, 476, 64, 476, 64, 476, 63, 478, 62, 479, 59, 481, 59, 482, 57, 484, 55, 486, 54, 487, 52, 488, 52, 489, 50, 492, 47, 494, 45, 497, 42, 499, 38, 505, 33, 512, 27, 520, 17, 523, 17, 526, 10, 242220], 'size': [540, 720]}}"
   ]
  },
  {
   "cell_type": "code",
   "execution_count": 6,
   "metadata": {},
   "outputs": [],
   "source": [
    "from PIL import Image\n",
    "import numpy as np\n",
    "img_path = \"datasets/bop23_challenge/datasets/tless/test_primesense/000001/rgb/000017.png\"\n",
    "img = np.array(Image.open(img_path))"
   ]
  },
  {
   "cell_type": "code",
   "execution_count": 7,
   "metadata": {},
   "outputs": [
    {
     "data": {
      "text/plain": [
       "(540, 720, 3)"
      ]
     },
     "execution_count": 7,
     "metadata": {},
     "output_type": "execute_result"
    }
   ],
   "source": [
    "img.shape"
   ]
  },
  {
   "cell_type": "code",
   "execution_count": null,
   "metadata": {},
   "outputs": [],
   "source": []
  }
 ],
 "metadata": {
  "kernelspec": {
   "display_name": "cnos",
   "language": "python",
   "name": "python3"
  },
  "language_info": {
   "codemirror_mode": {
    "name": "ipython",
    "version": 3
   },
   "file_extension": ".py",
   "mimetype": "text/x-python",
   "name": "python",
   "nbconvert_exporter": "python",
   "pygments_lexer": "ipython3",
   "version": "3.9.19"
  }
 },
 "nbformat": 4,
 "nbformat_minor": 2
}
