{
 "cells": [
  {
   "cell_type": "code",
   "execution_count": 2,
   "metadata": {},
   "outputs": [],
   "source": [
    "## read image return array using cv\n",
    "import cv2\n",
    "im = cv2.imread(\"datasets/bop23_challenge/datasets/icbin/train_pbr/000001/rgb/000002.jpg\")"
   ]
  },
  {
   "cell_type": "code",
   "execution_count": 1,
   "metadata": {},
   "outputs": [],
   "source": [
    "import numpy as np\n",
    "file = np.load(\"src/poses/predefined_poses/idx_all_level0_in_level2.npy\")"
   ]
  },
  {
   "cell_type": "code",
   "execution_count": 9,
   "metadata": {},
   "outputs": [
    {
     "data": {
      "text/plain": [
       "array([[[-1.00000000e+00,  0.00000000e+00,  0.00000000e+00,\n",
       "         -0.00000000e+00],\n",
       "        [ 0.00000000e+00, -1.00000000e+00,  0.00000000e+00,\n",
       "         -0.00000000e+00],\n",
       "        [ 0.00000000e+00,  0.00000000e+00,  1.00000000e+00,\n",
       "          1.00000000e+03],\n",
       "        [ 0.00000000e+00,  0.00000000e+00,  0.00000000e+00,\n",
       "          1.00000000e+00]],\n",
       "\n",
       "       [[ 9.51058053e-01, -3.09012264e-01,  0.00000000e+00,\n",
       "          2.84217094e-14],\n",
       "        [ 2.62862646e-01,  8.09021733e-01, -5.25725275e-01,\n",
       "         -5.68434189e-14],\n",
       "        [ 1.62455557e-01,  4.99995257e-01,  8.50654416e-01,\n",
       "          1.00000001e+03],\n",
       "        [ 0.00000000e+00,  0.00000000e+00,  0.00000000e+00,\n",
       "          1.00000000e+00]],\n",
       "\n",
       "       [[-9.51058053e-01, -3.09012264e-01, -0.00000000e+00,\n",
       "         -2.84217094e-14],\n",
       "        [ 2.62862646e-01, -8.09021733e-01, -5.25725275e-01,\n",
       "         -5.68434189e-14],\n",
       "        [ 1.62455557e-01, -4.99995257e-01,  8.50654416e-01,\n",
       "          1.00000001e+03],\n",
       "        [ 0.00000000e+00,  0.00000000e+00,  0.00000000e+00,\n",
       "          1.00000000e+00]],\n",
       "\n",
       "       [[-5.87780750e-01,  8.09020266e-01,  0.00000000e+00,\n",
       "          2.84217094e-14],\n",
       "        [-6.88196485e-01, -4.99998162e-01, -5.25725629e-01,\n",
       "          5.68434189e-14],\n",
       "        [-4.25322688e-01, -3.09011404e-01,  8.50654197e-01,\n",
       "          9.99999985e+02],\n",
       "        [ 0.00000000e+00,  0.00000000e+00,  0.00000000e+00,\n",
       "          1.00000000e+00]],\n",
       "\n",
       "       [[ 5.87780750e-01,  8.09020266e-01,  0.00000000e+00,\n",
       "         -2.84217094e-14],\n",
       "        [-6.88196485e-01,  4.99998162e-01, -5.25725629e-01,\n",
       "          5.68434189e-14],\n",
       "        [-4.25322688e-01,  3.09011404e-01,  8.50654197e-01,\n",
       "          9.99999985e+02],\n",
       "        [ 0.00000000e+00,  0.00000000e+00,  0.00000000e+00,\n",
       "          1.00000000e+00]],\n",
       "\n",
       "       [[ 0.00000000e+00, -1.00000000e+00,  0.00000000e+00,\n",
       "         -0.00000000e+00],\n",
       "        [ 8.50651647e-01,  0.00000000e+00, -5.25729754e-01,\n",
       "          1.13686838e-13],\n",
       "        [ 5.25729754e-01,  0.00000000e+00,  8.50651647e-01,\n",
       "          1.00000004e+03],\n",
       "        [ 0.00000000e+00,  0.00000000e+00,  0.00000000e+00,\n",
       "          1.00000000e+00]],\n",
       "\n",
       "       [[-9.51054787e-01,  3.09022317e-01,  0.00000000e+00,\n",
       "         -2.84217094e-14],\n",
       "        [-1.62464671e-01, -5.00005323e-01, -8.50646758e-01,\n",
       "         -0.00000000e+00],\n",
       "        [-2.62868832e-01, -8.09011672e-01,  5.25737665e-01,\n",
       "          9.99999959e+02],\n",
       "        [ 0.00000000e+00,  0.00000000e+00,  0.00000000e+00,\n",
       "          1.00000000e+00]],\n",
       "\n",
       "       [[ 9.51054787e-01,  3.09022317e-01,  0.00000000e+00,\n",
       "          2.84217094e-14],\n",
       "        [-1.62464671e-01,  5.00005323e-01, -8.50646758e-01,\n",
       "         -0.00000000e+00],\n",
       "        [-2.62868832e-01,  8.09011672e-01,  5.25737665e-01,\n",
       "          9.99999959e+02],\n",
       "        [ 0.00000000e+00,  0.00000000e+00,  0.00000000e+00,\n",
       "          1.00000000e+00]],\n",
       "\n",
       "       [[ 5.87783770e-01, -8.09018072e-01,  0.00000000e+00,\n",
       "          5.68434189e-14],\n",
       "        [ 4.25330070e-01,  3.09019193e-01, -8.50647677e-01,\n",
       "          5.68434189e-14],\n",
       "        [ 6.88189343e-01,  4.99996898e-01,  5.25736179e-01,\n",
       "          1.00000006e+03],\n",
       "        [ 0.00000000e+00,  0.00000000e+00,  0.00000000e+00,\n",
       "          1.00000000e+00]],\n",
       "\n",
       "       [[-5.87783770e-01, -8.09018072e-01, -0.00000000e+00,\n",
       "         -5.68434189e-14],\n",
       "        [ 4.25330070e-01, -3.09019193e-01, -8.50647677e-01,\n",
       "          5.68434189e-14],\n",
       "        [ 6.88189343e-01, -4.99996898e-01,  5.25736179e-01,\n",
       "          1.00000006e+03],\n",
       "        [ 0.00000000e+00,  0.00000000e+00,  0.00000000e+00,\n",
       "          1.00000000e+00]],\n",
       "\n",
       "       [[ 0.00000000e+00,  1.00000000e+00,  0.00000000e+00,\n",
       "         -0.00000000e+00],\n",
       "        [-5.25735903e-01,  0.00000000e+00, -8.50647848e-01,\n",
       "         -0.00000000e+00],\n",
       "        [-8.50647848e-01,  0.00000000e+00,  5.25735903e-01,\n",
       "          1.00000002e+03],\n",
       "        [ 0.00000000e+00,  0.00000000e+00,  0.00000000e+00,\n",
       "          1.00000000e+00]],\n",
       "\n",
       "       [[ 9.51058052e-01, -3.09012269e-01,  0.00000000e+00,\n",
       "         -5.68434189e-14],\n",
       "        [ 1.38196416e-01,  4.25332026e-01, -8.94424071e-01,\n",
       "         -0.00000000e+00],\n",
       "        [ 2.76388012e-01,  8.50649214e-01,  4.47219836e-01,\n",
       "          1.00000003e+03],\n",
       "        [ 0.00000000e+00,  0.00000000e+00,  0.00000000e+00,\n",
       "          1.00000000e+00]],\n",
       "\n",
       "       [[-9.51058052e-01, -3.09012269e-01, -0.00000000e+00,\n",
       "          5.68434189e-14],\n",
       "        [ 1.38196416e-01, -4.25332026e-01, -8.94424071e-01,\n",
       "         -0.00000000e+00],\n",
       "        [ 2.76388012e-01, -8.50649214e-01,  4.47219836e-01,\n",
       "          1.00000003e+03],\n",
       "        [ 0.00000000e+00,  0.00000000e+00,  0.00000000e+00,\n",
       "          1.00000000e+00]],\n",
       "\n",
       "       [[-5.87780735e-01,  8.09020276e-01,  0.00000000e+00,\n",
       "         -0.00000000e+00],\n",
       "        [-3.61809674e-01, -2.62867029e-01, -8.94424220e-01,\n",
       "          5.68434189e-14],\n",
       "        [-7.23607329e-01, -5.25725325e-01,  4.47219538e-01,\n",
       "          9.99999962e+02],\n",
       "        [ 0.00000000e+00,  0.00000000e+00,  0.00000000e+00,\n",
       "          1.00000000e+00]],\n",
       "\n",
       "       [[ 5.87780735e-01,  8.09020276e-01,  0.00000000e+00,\n",
       "         -0.00000000e+00],\n",
       "        [-3.61809674e-01,  2.62867029e-01, -8.94424220e-01,\n",
       "          5.68434189e-14],\n",
       "        [-7.23607329e-01,  5.25725325e-01,  4.47219538e-01,\n",
       "          9.99999962e+02],\n",
       "        [ 0.00000000e+00,  0.00000000e+00,  0.00000000e+00,\n",
       "          1.00000000e+00]],\n",
       "\n",
       "       [[ 0.00000000e+00, -1.00000000e+00,  0.00000000e+00,\n",
       "         -0.00000000e+00],\n",
       "        [ 4.47215598e-01,  0.00000000e+00, -8.94426190e-01,\n",
       "          5.68434189e-14],\n",
       "        [ 8.94426190e-01,  0.00000000e+00,  4.47215598e-01,\n",
       "          1.00000004e+03],\n",
       "        [ 0.00000000e+00,  0.00000000e+00,  0.00000000e+00,\n",
       "          1.00000000e+00]],\n",
       "\n",
       "       [[ 8.09016728e-01, -5.87785619e-01,  0.00000000e+00,\n",
       "          5.68434189e-14],\n",
       "        [ 0.00000000e+00,  0.00000000e+00, -1.00000000e+00,\n",
       "         -0.00000000e+00],\n",
       "        [ 5.87785619e-01,  8.09016728e-01,  0.00000000e+00,\n",
       "          9.99999971e+02],\n",
       "        [ 0.00000000e+00,  0.00000000e+00,  0.00000000e+00,\n",
       "          1.00000000e+00]],\n",
       "\n",
       "       [[ 3.09012647e-01, -9.51057929e-01,  0.00000000e+00,\n",
       "          5.68434189e-14],\n",
       "        [ 0.00000000e+00,  0.00000000e+00, -1.00000000e+00,\n",
       "         -0.00000000e+00],\n",
       "        [ 9.51057929e-01,  3.09012647e-01,  0.00000000e+00,\n",
       "          9.99999918e+02],\n",
       "        [ 0.00000000e+00,  0.00000000e+00,  0.00000000e+00,\n",
       "          1.00000000e+00]],\n",
       "\n",
       "       [[-3.09012647e-01, -9.51057929e-01, -0.00000000e+00,\n",
       "         -5.68434189e-14],\n",
       "        [ 0.00000000e+00,  0.00000000e+00, -1.00000000e+00,\n",
       "         -0.00000000e+00],\n",
       "        [ 9.51057929e-01, -3.09012647e-01,  0.00000000e+00,\n",
       "          9.99999918e+02],\n",
       "        [ 0.00000000e+00,  0.00000000e+00,  0.00000000e+00,\n",
       "          1.00000000e+00]],\n",
       "\n",
       "       [[-8.09016728e-01, -5.87785619e-01, -0.00000000e+00,\n",
       "         -5.68434189e-14],\n",
       "        [ 0.00000000e+00,  0.00000000e+00, -1.00000000e+00,\n",
       "         -0.00000000e+00],\n",
       "        [ 5.87785619e-01, -8.09016728e-01,  0.00000000e+00,\n",
       "          9.99999971e+02],\n",
       "        [ 0.00000000e+00,  0.00000000e+00,  0.00000000e+00,\n",
       "          1.00000000e+00]],\n",
       "\n",
       "       [[-1.00000000e+00, -0.00000000e+00, -0.00000000e+00,\n",
       "         -0.00000000e+00],\n",
       "        [ 0.00000000e+00,  0.00000000e+00, -1.00000000e+00,\n",
       "         -0.00000000e+00],\n",
       "        [ 0.00000000e+00, -1.00000000e+00,  0.00000000e+00,\n",
       "          9.99999940e+02],\n",
       "        [ 0.00000000e+00,  0.00000000e+00,  0.00000000e+00,\n",
       "          1.00000000e+00]],\n",
       "\n",
       "       [[-8.09016728e-01,  5.87785619e-01,  0.00000000e+00,\n",
       "          5.68434189e-14],\n",
       "        [-0.00000000e+00,  0.00000000e+00, -1.00000000e+00,\n",
       "         -0.00000000e+00],\n",
       "        [-5.87785619e-01, -8.09016728e-01,  0.00000000e+00,\n",
       "          9.99999971e+02],\n",
       "        [ 0.00000000e+00,  0.00000000e+00,  0.00000000e+00,\n",
       "          1.00000000e+00]],\n",
       "\n",
       "       [[-3.09012647e-01,  9.51057929e-01,  0.00000000e+00,\n",
       "          5.68434189e-14],\n",
       "        [-0.00000000e+00,  0.00000000e+00, -1.00000000e+00,\n",
       "         -0.00000000e+00],\n",
       "        [-9.51057929e-01, -3.09012647e-01,  0.00000000e+00,\n",
       "          9.99999918e+02],\n",
       "        [ 0.00000000e+00,  0.00000000e+00,  0.00000000e+00,\n",
       "          1.00000000e+00]],\n",
       "\n",
       "       [[ 3.09012647e-01,  9.51057929e-01,  0.00000000e+00,\n",
       "         -5.68434189e-14],\n",
       "        [ 0.00000000e+00,  0.00000000e+00, -1.00000000e+00,\n",
       "         -0.00000000e+00],\n",
       "        [-9.51057929e-01,  3.09012647e-01,  0.00000000e+00,\n",
       "          9.99999918e+02],\n",
       "        [ 0.00000000e+00,  0.00000000e+00,  0.00000000e+00,\n",
       "          1.00000000e+00]],\n",
       "\n",
       "       [[ 8.09016728e-01,  5.87785619e-01,  0.00000000e+00,\n",
       "         -5.68434189e-14],\n",
       "        [ 0.00000000e+00,  0.00000000e+00, -1.00000000e+00,\n",
       "         -0.00000000e+00],\n",
       "        [-5.87785619e-01,  8.09016728e-01,  0.00000000e+00,\n",
       "          9.99999971e+02],\n",
       "        [ 0.00000000e+00,  0.00000000e+00,  0.00000000e+00,\n",
       "          1.00000000e+00]],\n",
       "\n",
       "       [[ 1.00000000e+00, -0.00000000e+00,  0.00000000e+00,\n",
       "         -0.00000000e+00],\n",
       "        [ 0.00000000e+00,  0.00000000e+00, -1.00000000e+00,\n",
       "         -0.00000000e+00],\n",
       "        [ 0.00000000e+00,  1.00000000e+00,  0.00000000e+00,\n",
       "          9.99999940e+02],\n",
       "        [ 0.00000000e+00,  0.00000000e+00,  0.00000000e+00,\n",
       "          1.00000000e+00]],\n",
       "\n",
       "       [[ 0.00000000e+00,  1.00000000e+00,  0.00000000e+00,\n",
       "         -0.00000000e+00],\n",
       "        [ 4.47215598e-01,  0.00000000e+00, -8.94426190e-01,\n",
       "         -5.68434189e-14],\n",
       "        [-8.94426190e-01,  0.00000000e+00, -4.47215598e-01,\n",
       "          1.00000004e+03],\n",
       "        [ 0.00000000e+00,  0.00000000e+00,  0.00000000e+00,\n",
       "          1.00000000e+00]],\n",
       "\n",
       "       [[ 5.87780735e-01, -8.09020276e-01,  0.00000000e+00,\n",
       "         -0.00000000e+00],\n",
       "        [-3.61809674e-01, -2.62867029e-01, -8.94424220e-01,\n",
       "         -5.68434189e-14],\n",
       "        [ 7.23607329e-01,  5.25725325e-01, -4.47219538e-01,\n",
       "          9.99999962e+02],\n",
       "        [ 0.00000000e+00,  0.00000000e+00,  0.00000000e+00,\n",
       "          1.00000000e+00]],\n",
       "\n",
       "       [[-5.87780735e-01, -8.09020276e-01, -0.00000000e+00,\n",
       "         -0.00000000e+00],\n",
       "        [-3.61809674e-01,  2.62867029e-01, -8.94424220e-01,\n",
       "         -5.68434189e-14],\n",
       "        [ 7.23607329e-01, -5.25725325e-01, -4.47219538e-01,\n",
       "          9.99999962e+02],\n",
       "        [ 0.00000000e+00,  0.00000000e+00,  0.00000000e+00,\n",
       "          1.00000000e+00]],\n",
       "\n",
       "       [[-9.51058052e-01,  3.09012269e-01,  0.00000000e+00,\n",
       "         -5.68434189e-14],\n",
       "        [ 1.38196416e-01,  4.25332026e-01, -8.94424071e-01,\n",
       "         -0.00000000e+00],\n",
       "        [-2.76388012e-01, -8.50649214e-01, -4.47219836e-01,\n",
       "          1.00000003e+03],\n",
       "        [ 0.00000000e+00,  0.00000000e+00,  0.00000000e+00,\n",
       "          1.00000000e+00]],\n",
       "\n",
       "       [[ 9.51058052e-01,  3.09012269e-01,  0.00000000e+00,\n",
       "          5.68434189e-14],\n",
       "        [ 1.38196416e-01, -4.25332026e-01, -8.94424071e-01,\n",
       "         -0.00000000e+00],\n",
       "        [-2.76388012e-01,  8.50649214e-01, -4.47219836e-01,\n",
       "          1.00000003e+03],\n",
       "        [ 0.00000000e+00,  0.00000000e+00,  0.00000000e+00,\n",
       "          1.00000000e+00]],\n",
       "\n",
       "       [[ 0.00000000e+00, -1.00000000e+00,  0.00000000e+00,\n",
       "         -0.00000000e+00],\n",
       "        [-5.25735903e-01, -0.00000000e+00, -8.50647848e-01,\n",
       "         -0.00000000e+00],\n",
       "        [ 8.50647848e-01,  0.00000000e+00, -5.25735903e-01,\n",
       "          1.00000002e+03],\n",
       "        [ 0.00000000e+00,  0.00000000e+00,  0.00000000e+00,\n",
       "          1.00000000e+00]],\n",
       "\n",
       "       [[-5.87783770e-01,  8.09018072e-01,  0.00000000e+00,\n",
       "          5.68434189e-14],\n",
       "        [ 4.25330070e-01,  3.09019193e-01, -8.50647677e-01,\n",
       "         -5.68434189e-14],\n",
       "        [-6.88189343e-01, -4.99996898e-01, -5.25736179e-01,\n",
       "          1.00000006e+03],\n",
       "        [ 0.00000000e+00,  0.00000000e+00,  0.00000000e+00,\n",
       "          1.00000000e+00]],\n",
       "\n",
       "       [[ 5.87783770e-01,  8.09018072e-01,  0.00000000e+00,\n",
       "         -5.68434189e-14],\n",
       "        [ 4.25330070e-01, -3.09019193e-01, -8.50647677e-01,\n",
       "         -5.68434189e-14],\n",
       "        [-6.88189343e-01,  4.99996898e-01, -5.25736179e-01,\n",
       "          1.00000006e+03],\n",
       "        [ 0.00000000e+00,  0.00000000e+00,  0.00000000e+00,\n",
       "          1.00000000e+00]],\n",
       "\n",
       "       [[ 9.51054787e-01, -3.09022317e-01,  0.00000000e+00,\n",
       "         -2.84217094e-14],\n",
       "        [-1.62464671e-01, -5.00005323e-01, -8.50646758e-01,\n",
       "         -0.00000000e+00],\n",
       "        [ 2.62868832e-01,  8.09011672e-01, -5.25737665e-01,\n",
       "          9.99999959e+02],\n",
       "        [ 0.00000000e+00,  0.00000000e+00,  0.00000000e+00,\n",
       "          1.00000000e+00]],\n",
       "\n",
       "       [[-9.51054787e-01, -3.09022317e-01, -0.00000000e+00,\n",
       "          2.84217094e-14],\n",
       "        [-1.62464671e-01,  5.00005323e-01, -8.50646758e-01,\n",
       "         -0.00000000e+00],\n",
       "        [ 2.62868832e-01, -8.09011672e-01, -5.25737665e-01,\n",
       "          9.99999959e+02],\n",
       "        [ 0.00000000e+00,  0.00000000e+00,  0.00000000e+00,\n",
       "          1.00000000e+00]],\n",
       "\n",
       "       [[ 0.00000000e+00,  1.00000000e+00,  0.00000000e+00,\n",
       "         -0.00000000e+00],\n",
       "        [ 8.50651647e-01,  0.00000000e+00, -5.25729754e-01,\n",
       "         -1.13686838e-13],\n",
       "        [-5.25729754e-01,  0.00000000e+00, -8.50651647e-01,\n",
       "          1.00000004e+03],\n",
       "        [ 0.00000000e+00,  0.00000000e+00,  0.00000000e+00,\n",
       "          1.00000000e+00]],\n",
       "\n",
       "       [[ 5.87780750e-01, -8.09020266e-01,  0.00000000e+00,\n",
       "          2.84217094e-14],\n",
       "        [-6.88196485e-01, -4.99998162e-01, -5.25725629e-01,\n",
       "         -5.68434189e-14],\n",
       "        [ 4.25322688e-01,  3.09011404e-01, -8.50654197e-01,\n",
       "          9.99999985e+02],\n",
       "        [ 0.00000000e+00,  0.00000000e+00,  0.00000000e+00,\n",
       "          1.00000000e+00]],\n",
       "\n",
       "       [[-5.87780750e-01, -8.09020266e-01, -0.00000000e+00,\n",
       "         -2.84217094e-14],\n",
       "        [-6.88196485e-01,  4.99998162e-01, -5.25725629e-01,\n",
       "         -5.68434189e-14],\n",
       "        [ 4.25322688e-01, -3.09011404e-01, -8.50654197e-01,\n",
       "          9.99999985e+02],\n",
       "        [ 0.00000000e+00,  0.00000000e+00,  0.00000000e+00,\n",
       "          1.00000000e+00]],\n",
       "\n",
       "       [[-9.51058053e-01,  3.09012264e-01,  0.00000000e+00,\n",
       "         -0.00000000e+00],\n",
       "        [ 2.62862641e-01,  8.09021717e-01, -5.25725302e-01,\n",
       "          5.68434189e-14],\n",
       "        [-1.62455566e-01, -4.99995282e-01, -8.50654399e-01,\n",
       "          9.99999958e+02],\n",
       "        [ 0.00000000e+00,  0.00000000e+00,  0.00000000e+00,\n",
       "          1.00000000e+00]],\n",
       "\n",
       "       [[ 9.51058053e-01,  3.09012264e-01,  0.00000000e+00,\n",
       "         -0.00000000e+00],\n",
       "        [ 2.62862641e-01, -8.09021717e-01, -5.25725302e-01,\n",
       "          5.68434189e-14],\n",
       "        [-1.62455566e-01,  4.99995282e-01, -8.50654399e-01,\n",
       "          9.99999958e+02],\n",
       "        [ 0.00000000e+00,  0.00000000e+00,  0.00000000e+00,\n",
       "          1.00000000e+00]],\n",
       "\n",
       "       [[ 1.00000000e+00,  0.00000000e+00,  0.00000000e+00,\n",
       "         -0.00000000e+00],\n",
       "        [ 0.00000000e+00, -1.00000000e+00,  0.00000000e+00,\n",
       "         -0.00000000e+00],\n",
       "        [ 0.00000000e+00,  0.00000000e+00, -1.00000000e+00,\n",
       "          1.00000000e+03],\n",
       "        [ 0.00000000e+00,  0.00000000e+00,  0.00000000e+00,\n",
       "          1.00000000e+00]]])"
      ]
     },
     "execution_count": 9,
     "metadata": {},
     "output_type": "execute_result"
    }
   ],
   "source": [
    "obj_poses = np.load(\"src/poses/predefined_poses/obj_poses_level0.npy\")\n",
    "obj_poses"
   ]
  },
  {
   "cell_type": "code",
   "execution_count": 13,
   "metadata": {},
   "outputs": [],
   "source": [
    "import pandas as pd\n",
    "\n",
    "df = pd.read_csv('datasets/bop23_challenge/datasets/tless/train_pbr_metaData.csv')\n"
   ]
  },
  {
   "cell_type": "code",
   "execution_count": 16,
   "metadata": {},
   "outputs": [
    {
     "data": {
      "text/plain": [
       "0         False\n",
       "1         False\n",
       "2         False\n",
       "3         False\n",
       "4         False\n",
       "          ...  \n",
       "199370    False\n",
       "199371    False\n",
       "199372    False\n",
       "199373    False\n",
       "199374    False\n",
       "Name: obj_id, Length: 199375, dtype: bool"
      ]
     },
     "execution_count": 16,
     "metadata": {},
     "output_type": "execute_result"
    }
   ],
   "source": [
    "df[\"obj_id\"] == 1"
   ]
  },
  {
   "cell_type": "code",
   "execution_count": 18,
   "metadata": {},
   "outputs": [
    {
     "data": {
      "text/plain": [
       "array([  3002,   3021,   3040, ..., 199323, 199343, 199363])"
      ]
     },
     "execution_count": 18,
     "metadata": {},
     "output_type": "execute_result"
    }
   ],
   "source": [
    "index_dataframe = np.arange(0, len(df))\n",
    "index_dataframe[df[\"obj_id\"] == 1]"
   ]
  },
  {
   "cell_type": "code",
   "execution_count": 2,
   "metadata": {},
   "outputs": [],
   "source": [
    "import json\n",
    "file_path = \"datasets/bop23_challenge/results/cnos_exps/SAM_PBR_CustomSamAutomaticMaskGenerator_template_pbr0_aggavg_5_tless.json\"\n",
    "file = json.load(open(file_path, 'r'))"
   ]
  },
  {
   "cell_type": "code",
   "execution_count": 3,
   "metadata": {},
   "outputs": [
    {
     "name": "stdout",
     "output_type": "stream",
     "text": [
      "62623\n",
      "{'scene_id': 1, 'image_id': 17, 'category_id': 1, 'bbox': [207, 196, 63, 67], 'score': 0.5460606217384338, 'time': 2.142730712890625, 'segmentation': {'counts': [111459, 18, 522, 18, 518, 24, 514, 29, 510, 33, 505, 36, 502, 40, 498, 43, 496, 45, 494, 47, 493, 47, 492, 50, 488, 53, 486, 56, 484, 57, 482, 59, 481, 60, 478, 63, 477, 63, 477, 63, 477, 65, 475, 65, 475, 65, 475, 66, 474, 66, 474, 67, 472, 68, 472, 68, 472, 68, 472, 68, 472, 68, 472, 68, 472, 68, 472, 69, 471, 69, 472, 68, 472, 67, 473, 67, 473, 67, 472, 68, 472, 68, 472, 68, 473, 67, 473, 66, 474, 66, 476, 64, 476, 64, 476, 63, 478, 62, 479, 59, 481, 59, 482, 57, 484, 55, 486, 54, 487, 52, 488, 52, 489, 50, 492, 47, 494, 45, 497, 42, 499, 38, 505, 33, 512, 27, 520, 17, 523, 17, 526, 10, 242220], 'size': [540, 720]}}\n"
     ]
    }
   ],
   "source": [
    "print(len(file))\n",
    "print(file[0])"
   ]
  },
  {
   "cell_type": "code",
   "execution_count": 7,
   "metadata": {},
   "outputs": [
    {
     "data": {
      "text/plain": [
       "388800"
      ]
     },
     "execution_count": 7,
     "metadata": {},
     "output_type": "execute_result"
    }
   ],
   "source": [
    "sum(file[0][\"segmentation\"][\"counts\"])"
   ]
  },
  {
   "cell_type": "code",
   "execution_count": null,
   "metadata": {},
   "outputs": [],
   "source": [
    "{'scene_id': 1, 'image_id': 17, 'category_id': 1, 'bbox': [207, 196, 63, 67], 'score': 0.5460606217384338, 'time': 2.142730712890625, 'segmentation': {'counts': [111459, 18, 522, 18, 518, 24, 514, 29, 510, 33, 505, 36, 502, 40, 498, 43, 496, 45, 494, 47, 493, 47, 492, 50, 488, 53, 486, 56, 484, 57, 482, 59, 481, 60, 478, 63, 477, 63, 477, 63, 477, 65, 475, 65, 475, 65, 475, 66, 474, 66, 474, 67, 472, 68, 472, 68, 472, 68, 472, 68, 472, 68, 472, 68, 472, 68, 472, 69, 471, 69, 472, 68, 472, 67, 473, 67, 473, 67, 472, 68, 472, 68, 472, 68, 473, 67, 473, 66, 474, 66, 476, 64, 476, 64, 476, 63, 478, 62, 479, 59, 481, 59, 482, 57, 484, 55, 486, 54, 487, 52, 488, 52, 489, 50, 492, 47, 494, 45, 497, 42, 499, 38, 505, 33, 512, 27, 520, 17, 523, 17, 526, 10, 242220], 'size': [540, 720]}}"
   ]
  },
  {
   "cell_type": "code",
   "execution_count": 6,
   "metadata": {},
   "outputs": [],
   "source": [
    "from PIL import Image\n",
    "import numpy as np\n",
    "img_path = \"datasets/bop23_challenge/datasets/tless/test_primesense/000001/rgb/000017.png\"\n",
    "img = np.array(Image.open(img_path))"
   ]
  },
  {
   "cell_type": "code",
   "execution_count": 12,
   "metadata": {},
   "outputs": [
    {
     "data": {
      "text/plain": [
       "tensor([1, 2, 3])"
      ]
     },
     "execution_count": 12,
     "metadata": {},
     "output_type": "execute_result"
    }
   ],
   "source": [
    "import torch\n",
    "ref_data = {\"descriptors\": torch.tensor([1, 2, 3])}\n",
    "data = ref_data[\"descriptors\"]  # In PyTorch, .data is used to access tensor data.\n",
    "data"
   ]
  },
  {
   "cell_type": "code",
   "execution_count": 6,
   "metadata": {},
   "outputs": [
    {
     "name": "stdout",
     "output_type": "stream",
     "text": [
      "Stacking completed for all frames.\n"
     ]
    }
   ],
   "source": [
    "from PIL import Image\n",
    "\n",
    "scene_id = 1\n",
    "for frame_id in range(56):\n",
    "    # Paths to the images\n",
    "    cnos_result = f\"cnos_foundpose_analysis/output_images/{scene_id:06d}_{frame_id:06d}_cnos.png\"\n",
    "    foundpose_result = f\"cnos_foundpose_analysis/output_images/{scene_id:06d}_{frame_id:06d}_foundpose.png\"\n",
    "    cnos_foundpose_result = f\"cnos_foundpose_analysis/output_images/{scene_id:06d}_{frame_id:06d}_cnos_foundpose.png\"\n",
    "    groundtruth_result = cnos_foundpose_result\n",
    "    \n",
    "    # Open the images\n",
    "    cnos_image = Image.open(cnos_result)\n",
    "    foundpose_image = Image.open(foundpose_result)\n",
    "    cnos_foundpose_image = Image.open(cnos_foundpose_result)\n",
    "    groundtruth_image = Image.open(groundtruth_result)\n",
    "    \n",
    "    # Get the dimensions of the images (assuming they are all the same size)\n",
    "    width, height = cnos_image.size\n",
    "    \n",
    "    # Crop the right half of each image\n",
    "    right_box = (width // 2, 0, width, height)\n",
    "    cnos_image_cropped = cnos_image.crop(right_box)\n",
    "    foundpose_image_cropped = foundpose_image.crop(right_box)\n",
    "    cnos_foundpose_image_cropped = cnos_foundpose_image.crop(right_box)\n",
    "    \n",
    "    # Resize the groundtruth image to match the dimensions of the cropped right half\n",
    "    groundtruth_image_resized = groundtruth_image.resize((width // 2, height))\n",
    "    \n",
    "    # Combine the groundtruth image and the right half of the cnos image side by side\n",
    "    combined_image = Image.new('RGB', (width, height))\n",
    "    combined_image.paste(groundtruth_image_resized, (0, 0))\n",
    "    combined_image.paste(cnos_image_cropped, (width // 2, 0))\n",
    "    \n",
    "    # Create a new image with enough space to hold all four images in a 2x2 grid\n",
    "    stacked_image = Image.new('RGB', (width, height * 2))\n",
    "    \n",
    "    # Paste the combined image at the top-left\n",
    "    stacked_image.paste(combined_image, (0, 0))\n",
    "    \n",
    "    # Paste the foundpose_image_cropped at the top-right\n",
    "    stacked_image.paste(foundpose_image_cropped, (width // 2, 0))\n",
    "    \n",
    "    # Paste the cnos_foundpose_image_cropped at the bottom-left\n",
    "    stacked_image.paste(cnos_foundpose_image_cropped, (0, height))\n",
    "    \n",
    "    # Paste the groundtruth_image_resized again at the bottom-right\n",
    "    stacked_image.paste(groundtruth_image_resized, (width // 2, height))\n",
    "    \n",
    "    # Save the stacked image\n",
    "    output_path = f\"cnos_foundpose_analysis/output_images/{frame_id:06d}_{scene_id:06d}_stacked.png\"\n",
    "    stacked_image.save(output_path)\n",
    "\n",
    "print(\"Stacking completed for all frames.\")\n"
   ]
  },
  {
   "cell_type": "code",
   "execution_count": 12,
   "metadata": {},
   "outputs": [
    {
     "name": "stdout",
     "output_type": "stream",
     "text": [
      "Stacking completed for all frames.\n"
     ]
    }
   ],
   "source": [
    "from PIL import Image, ImageDraw, ImageFont\n",
    "import os\n",
    "\n",
    "# Load a larger font for the text\n",
    "font_size = 60  # Font size for the text\n",
    "try:\n",
    "    font = ImageFont.truetype(\"arial.ttf\", font_size)  # Specify the path to a font file if needed\n",
    "except IOError:\n",
    "    font = ImageFont.load_default()\n",
    "    font = ImageFont.load_default().font_variant(size=font_size)\n",
    "\n",
    "scene_id = 1\n",
    "for frame_id in range(56):\n",
    "    # Paths to the images\n",
    "    cnos_04 = f\"cnos_foundpose_analysis/output_images_different_thresholds/{scene_id:06d}_{frame_id:06d}_cnos_04.png\"\n",
    "    cnos_05 = f\"cnos_foundpose_analysis/icbin/output_images/{scene_id:06d}_{frame_id:06d}_cnos.png\"\n",
    "    foundpose_result = f\"cnos_foundpose_analysis/icbin/output_images/{scene_id:06d}_{frame_id:06d}_foundpose.png\"\n",
    "    cnos_foundpose_result = f\"cnos_foundpose_analysis/icbin/output_images/{scene_id:06d}_{frame_id:06d}_cnos_foundpose.png\"\n",
    "    contrastive_learning = f\"contrastive_learning/output_images_self_rotate/{scene_id:06d}_{frame_id:06d}_contrastive.png\"\n",
    "    \n",
    "    # Open the images\n",
    "    cnos_04_image = Image.open(cnos_04)\n",
    "    cnos_05_image = Image.open(cnos_05)\n",
    "    foundpose_image = Image.open(foundpose_result)\n",
    "    cnos_foundpose_image = Image.open(cnos_foundpose_result)\n",
    "    contrastive_learning_image = Image.open(contrastive_learning)\n",
    "    \n",
    "    # Get the dimensions of the images (assuming they are all the same size)\n",
    "    width, height = cnos_04_image.size\n",
    "    \n",
    "    # Create an ImageDraw object for each image to add text\n",
    "    draw_cnos_04 = ImageDraw.Draw(cnos_04_image)\n",
    "    draw_cnos_05 = ImageDraw.Draw(cnos_05_image)\n",
    "    draw_foundpose = ImageDraw.Draw(foundpose_image)\n",
    "    draw_cnos_foundpose = ImageDraw.Draw(cnos_foundpose_image)\n",
    "    draw_contrastive_learning = ImageDraw.Draw(contrastive_learning_image)\n",
    "    \n",
    "    # Define text positions and content\n",
    "    text_position = (20, 20)  # Top-left corner with some padding\n",
    "    text_color = \"white\"  # White text color\n",
    "    \n",
    "    # Add text to each image\n",
    "    draw_cnos_04.text(text_position, \"CNOS 04\", fill=text_color, font=font)\n",
    "    draw_cnos_05.text(text_position, \"CNOS 05\", fill=text_color, font=font)\n",
    "    draw_foundpose.text(text_position, \"Foundpose\", fill=text_color, font=font)\n",
    "    draw_cnos_foundpose.text(text_position, \"CNOS + Foundpose\", fill=text_color, font=font)\n",
    "    draw_contrastive_learning.text(text_position, \"Contrastive Learning\", fill=text_color, font=font)\n",
    "    \n",
    "    # Create a new image with enough space to hold all five images vertically\n",
    "    stacked_image = Image.new('RGB', (width, height * 5))\n",
    "    \n",
    "    # Paste the images into the new image\n",
    "    stacked_image.paste(cnos_04_image, (0, 0))\n",
    "    stacked_image.paste(cnos_05_image, (0, height))\n",
    "    stacked_image.paste(foundpose_image, (0, height * 2))\n",
    "    stacked_image.paste(cnos_foundpose_image, (0, height * 3))\n",
    "    stacked_image.paste(contrastive_learning_image, (0, height * 4))\n",
    "    \n",
    "    # Save the stacked image\n",
    "    output_dir = \"cnos_foundpose_analysis/output_final_images\"\n",
    "    os.makedirs(output_dir, exist_ok=True)\n",
    "    output_path = os.path.join(output_dir, f\"{scene_id:06d}_{frame_id:06d}_stacked.png\")\n",
    "    stacked_image.save(output_path)\n",
    "\n",
    "print(\"Stacking completed for all frames.\")\n"
   ]
  },
  {
   "cell_type": "code",
   "execution_count": 10,
   "metadata": {},
   "outputs": [
    {
     "ename": "AttributeError",
     "evalue": "'ImageDraw' object has no attribute 'textsize'",
     "output_type": "error",
     "traceback": [
      "\u001b[0;31m---------------------------------------------------------------------------\u001b[0m",
      "\u001b[0;31mAttributeError\u001b[0m                            Traceback (most recent call last)",
      "Cell \u001b[0;32mIn[10], line 39\u001b[0m\n\u001b[1;32m     36\u001b[0m cnos_foundpose_text \u001b[38;5;241m=\u001b[39m \u001b[38;5;124m\"\u001b[39m\u001b[38;5;124mCNOS + Foundpose\u001b[39m\u001b[38;5;124m\"\u001b[39m\n\u001b[1;32m     38\u001b[0m \u001b[38;5;66;03m# Get text sizes\u001b[39;00m\n\u001b[0;32m---> 39\u001b[0m cnos_text_size \u001b[38;5;241m=\u001b[39m \u001b[43mdraw_cnos\u001b[49m\u001b[38;5;241;43m.\u001b[39;49m\u001b[43mtextsize\u001b[49m(cnos_text, font\u001b[38;5;241m=\u001b[39mfont)\n\u001b[1;32m     40\u001b[0m foundpose_text_size \u001b[38;5;241m=\u001b[39m draw_foundpose\u001b[38;5;241m.\u001b[39mtextsize(foundpose_text, font\u001b[38;5;241m=\u001b[39mfont)\n\u001b[1;32m     41\u001b[0m cnos_foundpose_text_size \u001b[38;5;241m=\u001b[39m draw_cnos_foundpose\u001b[38;5;241m.\u001b[39mtextsize(cnos_foundpose_text, font\u001b[38;5;241m=\u001b[39mfont)\n",
      "\u001b[0;31mAttributeError\u001b[0m: 'ImageDraw' object has no attribute 'textsize'"
     ]
    }
   ],
   "source": [
    "from PIL import Image, ImageDraw, ImageFont\n",
    "\n",
    "# Define the path to a TrueType font file\n",
    "font_path = \"/usr/share/fonts/truetype/dejavu/DejaVuSans-Bold.ttf\"  # Adjust this path as needed\n",
    "\n",
    "# Load the font with a larger size\n",
    "font_size = 80  # You can adjust this size if needed\n",
    "font = ImageFont.truetype(font_path, font_size)\n",
    "\n",
    "scene_id = 1\n",
    "for frame_id in range(59):\n",
    "    # Paths to the images\n",
    "    cnos_result = f\"cnos_foundpose_analysis/output_images/{scene_id:06d}_{frame_id:06d}_cnos.png\"\n",
    "    foundpose_result = f\"cnos_foundpose_analysis/output_images/{scene_id:06d}_{frame_id:06d}_foundpose.png\"\n",
    "    cnos_foundpose_result = f\"cnos_foundpose_analysis/output_images/{scene_id:06d}_{frame_id:06d}_cnos_foundpose.png\"\n",
    "    \n",
    "    # Open the images\n",
    "    cnos_image = Image.open(cnos_result)\n",
    "    foundpose_image = Image.open(foundpose_result)\n",
    "    cnos_foundpose_image = Image.open(cnos_foundpose_result)\n",
    "    \n",
    "    # Get the dimensions of the images (assuming they are all the same size)\n",
    "    width, height = cnos_image.size\n",
    "    \n",
    "    # Create an ImageDraw object for each image to add text\n",
    "    draw_cnos = ImageDraw.Draw(cnos_image)\n",
    "    draw_foundpose = ImageDraw.Draw(foundpose_image)\n",
    "    draw_cnos_foundpose = ImageDraw.Draw(cnos_foundpose_image)\n",
    "    \n",
    "    # Define text content\n",
    "    text_color = \"white\"  # White text color\n",
    "    \n",
    "    # Calculate the position for the top-right corner\n",
    "    cnos_text = \"CNOS\"\n",
    "    foundpose_text = \"Foundpose\"\n",
    "    cnos_foundpose_text = \"CNOS + Foundpose\"\n",
    "    \n",
    "    # Get text sizes\n",
    "    cnos_text_size = draw_cnos.textsize(cnos_text, font=font)\n",
    "    foundpose_text_size = draw_foundpose.textsize(foundpose_text, font=font)\n",
    "    cnos_foundpose_text_size = draw_cnos_foundpose.textsize(cnos_foundpose_text, font=font)\n",
    "    \n",
    "    # Calculate the positions for the top-right corner\n",
    "    cnos_position = (width - cnos_text_size[0] - 10, 10)\n",
    "    foundpose_position = (width - foundpose_text_size[0] - 10, 10)\n",
    "    cnos_foundpose_position = (width - cnos_foundpose_text_size[0] - 10, 10)\n",
    "    \n",
    "    # Add text to each image at the calculated positions\n",
    "    draw_cnos.text(cnos_position, cnos_text, fill=text_color, font=font)\n",
    "    draw_foundpose.text(foundpose_position, foundpose_text, fill=text_color, font=font)\n",
    "    draw_cnos_foundpose.text(cnos_foundpose_position, cnos_foundpose_text, fill=text_color, font=font)\n",
    "    \n",
    "    # Create a new image with enough space to hold all three images vertically\n",
    "    stacked_image = Image.new('RGB', (width, height * 3))\n",
    "    \n",
    "    # Paste the images into the new image\n",
    "    stacked_image.paste(cnos_image, (0, 0))\n",
    "    stacked_image.paste(foundpose_image, (0, height))\n",
    "    stacked_image.paste(cnos_foundpose_image, (0, height * 2))\n",
    "    \n",
    "    # Save the stacked image\n",
    "    output_path = f\"cnos_foundpose_analysis/output_final_images/{frame_id:06d}_{scene_id:06d}_stacked.png\"\n",
    "    stacked_image.save(output_path)\n",
    "\n",
    "print(\"Stacking completed for all frames.\")\n"
   ]
  },
  {
   "cell_type": "code",
   "execution_count": 4,
   "metadata": {},
   "outputs": [
    {
     "data": {
