,scene_id,frame_id,rgb_path,visib_fract,obj_id,idx_obj,obj_poses
0,000002,753,datasets/bop23_challenge/datasets/icbin/train_pbr/000002/rgb/000753.jpg,0.8884941240776169,1,14,"[[ 7.81740069e-01  6.23375237e-01 -1.69062726e-02 -1.04773117e+02]
 [-6.23543918e-01  7.81754613e-01 -7.26266764e-03 -5.65601959e+01]
 [ 8.68918933e-03  1.62193198e-02  9.99830723e-01  6.84915527e+02]
 [ 0.00000000e+00  0.00000000e+00  0.00000000e+00  1.00000000e+00]]"
1,000007,490,datasets/bop23_challenge/datasets/icbin/train_pbr/000007/rgb/000490.jpg,0.8799707245669676,1,17,"[[-8.60794723e-01  4.99990225e-01 -9.50947329e-02  2.43338379e+02]
 [-5.05562484e-01 -8.18471074e-01  2.72969693e-01  4.42878189e+01]
 [ 5.86499013e-02  2.83047080e-01  9.57311094e-01  7.61549377e+02]
 [ 0.00000000e+00  0.00000000e+00  0.00000000e+00  1.00000000e+00]]"
2,000001,484,datasets/bop23_challenge/datasets/icbin/train_pbr/000001/rgb/000484.jpg,0.8509887005649718,1,16,"[[-6.34563982e-01  7.35603034e-01  2.37101540e-01 -1.42408661e+02]
 [-7.65788317e-01 -6.39867067e-01 -6.43332899e-02 -2.77174408e+02]
 [ 1.04389668e-01 -2.22393140e-01  9.69352424e-01  7.59556458e+02]
 [ 0.00000000e+00  0.00000000e+00  0.00000000e+00  1.00000000e+00]]"
3,000002,675,datasets/bop23_challenge/datasets/icbin/train_pbr/000002/rgb/000675.jpg,0.9261501210653753,1,4,"[[ 5.50242662e-01  7.97336042e-01  2.47968733e-01 -3.29397850e+01]
 [-8.12714815e-01  5.79552114e-01 -6.01179078e-02 -1.07813278e+02]
 [-1.91644982e-01 -1.68448374e-01  9.66900885e-01  5.25747986e+02]
 [ 0.00000000e+00  0.00000000e+00  0.00000000e+00  1.00000000e+00]]"
4,000002,646,datasets/bop23_challenge/datasets/icbin/train_pbr/000002/rgb/000646.jpg,0.9986399183951037,1,14,"[[ 7.88042843e-01 -5.44318795e-01  2.87585765e-01 -1.00151810e+02]
 [ 5.72719693e-01  8.19549441e-01 -1.81909427e-02  1.70623672e+02]
 [-2.25789070e-01  1.79041252e-01  9.57582116e-01  8.87524841e+02]
 [ 0.00000000e+00  0.00000000e+00  0.00000000e+00  1.00000000e+00]]"
5,000000,256,datasets/bop23_challenge/datasets/icbin/train_pbr/000000/rgb/000256.jpg,0.8334048948046372,1,6,"[[-3.43565434e-01  9.29389298e-01  1.34901509e-01 -9.32745285e+01]
 [-8.95091057e-01 -3.67530495e-01  2.52454966e-01 -4.62931786e+01]
 [ 2.84209341e-01 -3.40143330e-02  9.58158672e-01  6.83357422e+02]
 [ 0.00000000e+00  0.00000000e+00  0.00000000e+00  1.00000000e+00]]"
6,000002,456,datasets/bop23_challenge/datasets/icbin/train_pbr/000002/rgb/000456.jpg,0.9914048606994665,1,7,"[[ 2.19751790e-01 -8.51017356e-01  4.76947308e-01  2.14232819e+02]
 [ 9.65868890e-01  2.58520991e-01  1.62584689e-02  4.58034019e+01]
 [-1.37137160e-01  4.57095712e-01  8.78781497e-01  7.68738831e+02]
 [ 0.00000000e+00  0.00000000e+00  0.00000000e+00  1.00000000e+00]]"
7,000006,924,datasets/bop23_challenge/datasets/icbin/train_pbr/000006/rgb/000924.jpg,0.9717554522702896,1,5,"[[-8.36999059e-01  5.31115234e-01  1.31718040e-01 -4.34740068e-05]
 [-5.32034218e-01 -7.33579755e-01 -4.22848433e-01 -8.09134071e-05]
 [-1.27955556e-01 -4.24002141e-01  8.96576583e-01  6.28244873e+02]
 [ 0.00000000e+00  0.00000000e+00  0.00000000e+00  1.00000000e+00]]"
8,000006,652,datasets/bop23_challenge/datasets/icbin/train_pbr/000006/rgb/000652.jpg,0.9490922940205662,1,8,"[[-8.11731517e-01 -3.83059531e-01  4.40860212e-01 -1.18070518e+02]
 [ 4.60017979e-01 -8.84430110e-01  7.85321966e-02 -7.25577545e+01]
 [ 3.59827429e-01  2.66550630e-01  8.94133687e-01  5.78835449e+02]
 [ 0.00000000e+00  0.00000000e+00  0.00000000e+00  1.00000000e+00]]"
9,000001,651,datasets/bop23_challenge/datasets/icbin/train_pbr/000001/rgb/000651.jpg,0.9810094952523738,1,8,"[[-5.35914674e-02 -9.55070138e-01 -2.91494787e-01  7.61423035e+01]
 [ 9.32573974e-01  5.64872287e-02 -3.56532186e-01 -7.40098267e+01]
 [ 3.56978983e-01 -2.90947467e-01  8.87646079e-01  7.50810974e+02]
 [ 0.00000000e+00  0.00000000e+00  0.00000000e+00  1.00000000e+00]]"
10,000006,185,datasets/bop23_challenge/datasets/icbin/train_pbr/000006/rgb/000185.jpg,0.9963722397476341,1,11,"[[ 8.56621265e-01  2.69594640e-01  4.39907670e-01  2.17225952e+02]
 [-2.36967981e-01  9.62955177e-01 -1.28699183e-01  4.23618584e+01]
 [-4.58307981e-01  6.00243825e-03  8.88773203e-01  5.65638916e+02]
 [ 0.00000000e+00  0.00000000e+00  0.00000000e+00  1.00000000e+00]]"
11,000005,373,datasets/bop23_challenge/datasets/icbin/train_pbr/000005/rgb/000373.jpg,1.0,1,4,"[[-3.01915348e-01  8.20701599e-01 -4.85073179e-01  7.40177078e+01]
 [-9.36866105e-01 -1.61254272e-01  3.10288489e-01  2.75749725e+02]
 [ 1.76434115e-01  5.48129499e-01  8.17572653e-01  8.83901978e+02]
 [ 0.00000000e+00  0.00000000e+00  0.00000000e+00  1.00000000e+00]]"
12,000003,138,datasets/bop23_challenge/datasets/icbin/train_pbr/000003/rgb/000138.jpg,0.9163083030102547,1,15,"[[ 5.06634533e-01 -6.98678553e-01 -5.05143344e-01 -1.12070114e+02]
 [ 8.48348379e-01  5.08446395e-01  1.47605658e-01 -1.66489441e+02]
 [ 1.53709427e-01 -5.03319621e-01  8.50319207e-01  8.83912659e+02]
 [ 0.00000000e+00  0.00000000e+00  0.00000000e+00  1.00000000e+00]]"
13,000007,843,datasets/bop23_challenge/datasets/icbin/train_pbr/000007/rgb/000843.jpg,0.8887945670628183,1,15,"[[-5.84730089e-01  8.11227858e-01 -1.35373906e-04  1.41163378e+01]
 [-7.14234173e-01 -5.14896512e-01 -4.74079132e-01  2.00234100e+02]
 [-3.84655923e-01 -2.77111650e-01  8.80482197e-01  1.03666357e+03]
 [ 0.00000000e+00  0.00000000e+00  0.00000000e+00  1.00000000e+00]]"
14,000001,586,datasets/bop23_challenge/datasets/icbin/train_pbr/000001/rgb/000586.jpg,0.994415487714073,1,13,"[[ 8.90040636e-01  2.60268897e-02  4.55137610e-01  1.29144089e+02]
 [ 1.20892555e-01  9.49150085e-01 -2.90687293e-01  1.88250015e+02]
 [-4.39559609e-01  3.13746274e-01  8.41635704e-01  9.68977051e+02]
 [ 0.00000000e+00  0.00000000e+00  0.00000000e+00  1.00000000e+00]]"
15,000004,84,datasets/bop23_challenge/datasets/icbin/train_pbr/000004/rgb/000084.jpg,0.9978757302177377,1,5,"[[ 8.23263288e-01  2.16822386e-01 -5.24619520e-01 -1.03128708e+02]
 [-1.78347722e-01  9.76176858e-01  1.23575017e-01 -4.62047195e+01]
 [ 5.38915277e-01 -8.17008037e-03  8.42320383e-01  7.71656738e+02]
 [ 0.00000000e+00  0.00000000e+00  0.00000000e+00  1.00000000e+00]]"
16,000006,268,datasets/bop23_challenge/datasets/icbin/train_pbr/000006/rgb/000268.jpg,0.8115338882282996,1,15,"[[-4.54680264e-01 -6.28962517e-01 -6.30612791e-01  1.55865326e+02]
 [ 8.90560389e-01 -3.31370920e-01 -3.11602175e-01 -3.63164368e+01]
 [-1.29805403e-02 -7.03278005e-01  7.10796475e-01  9.04512756e+02]
 [ 0.00000000e+00  0.00000000e+00  0.00000000e+00  1.00000000e+00]]"
17,000009,319,datasets/bop23_challenge/datasets/icbin/train_pbr/000009/rgb/000319.jpg,0.8905027932960894,1,11,"[[ 9.70454574e-01 -1.16608337e-01  2.11235464e-01 -3.49526459e+02]
 [ 2.29636788e-01  7.15080321e-01 -6.60247803e-01 -1.94341568e+02]
 [-7.40599409e-02  6.89247906e-01  7.20730543e-01  1.02058521e+03]
 [ 0.00000000e+00  0.00000000e+00  0.00000000e+00  1.00000000e+00]]"
18,000000,966,datasets/bop23_challenge/datasets/icbin/train_pbr/000000/rgb/000966.jpg,0.9311287916459473,1,18,"[[-8.33932340e-01  5.51818848e-01  7.27306493e-03  1.56981003e+02]
 [-4.04450327e-01 -6.02150023e-01 -6.88356996e-01 -1.55019775e+02]
 [-3.75468880e-01 -5.76984704e-01  7.25335598e-01  7.86582397e+02]
 [ 0.00000000e+00  0.00000000e+00  0.00000000e+00  1.00000000e+00]]"
19,000005,108,datasets/bop23_challenge/datasets/icbin/train_pbr/000005/rgb/000108.jpg,1.0,1,3,"[[ 9.27951992e-01  1.33334488e-01  3.48033041e-01 -1.81917159e-04]
 [ 1.05265126e-01  8.02032351e-01 -5.87931454e-01 -2.12269151e-04]
 [-3.57525289e-01  5.82207918e-01  7.30212033e-01  8.92260315e+02]
 [ 0.00000000e+00  0.00000000e+00  0.00000000e+00  1.00000000e+00]]"
20,000009,447,datasets/bop23_challenge/datasets/icbin/train_pbr/000009/rgb/000447.jpg,0.8020776380535812,1,12,"[[ 7.75758564e-01 -6.31013989e-01  4.46806569e-03 -1.22321335e+02]
 [ 4.34234172e-01  5.28676271e-01 -7.29343593e-01 -2.10792618e+01]
 [ 4.57863837e-01  5.67734718e-01  6.84132993e-01  7.05740540e+02]
 [ 0.00000000e+00  0.00000000e+00  0.00000000e+00  1.00000000e+00]]"
21,000001,986,datasets/bop23_challenge/datasets/icbin/train_pbr/000001/rgb/000986.jpg,0.9514563106796117,1,19,"[[ 4.99820352e-01 -5.35929620e-01 -6.80410981e-01  1.84089355e+02]
 [ 7.47791350e-01  6.63393021e-01  2.67916713e-02 -3.59798035e+02]
 [ 4.37021434e-01 -5.22196412e-01  7.32340872e-01  8.89501648e+02]
 [ 0.00000000e+00  0.00000000e+00  0.00000000e+00  1.00000000e+00]]"
22,000002,94,datasets/bop23_challenge/datasets/icbin/train_pbr/000002/rgb/000094.jpg,0.8087573964497041,1,5,"[[-6.95553541e-01  4.62687850e-01 -5.49659431e-01 -2.35404648e+02]
 [-2.54994839e-01 -8.74207437e-01 -4.13206041e-01  1.67701385e+02]
 [-6.71701729e-01 -1.47246554e-01  7.26040840e-01  7.98374329e+02]
 [ 0.00000000e+00  0.00000000e+00  0.00000000e+00  1.00000000e+00]]"
23,000009,894,datasets/bop23_challenge/datasets/icbin/train_pbr/000009/rgb/000894.jpg,0.8870439399073761,1,9,"[[-7.18524694e-01  1.88132063e-01 -6.69573963e-01 -1.85034161e+01]
 [-2.63269931e-01 -9.64654386e-01  1.14752110e-02  7.50419922e+01]
 [-6.43748343e-01  1.84523880e-01  7.42656767e-01  5.36609009e+02]
 [ 0.00000000e+00  0.00000000e+00  0.00000000e+00  1.00000000e+00]]"
24,000005,499,datasets/bop23_challenge/datasets/icbin/train_pbr/000005/rgb/000499.jpg,0.9507256159298009,1,2,"[[ 2.93869764e-01 -9.52687323e-01  7.76364356e-02 -2.07768326e+02]
 [ 7.06839025e-01  1.61919549e-01 -6.88593209e-01  1.16414452e+02]
 [ 6.43443167e-01  2.57233202e-01  7.20979869e-01  9.74945923e+02]
 [ 0.00000000e+00  0.00000000e+00  0.00000000e+00  1.00000000e+00]]"
25,000005,615,datasets/bop23_challenge/datasets/icbin/train_pbr/000005/rgb/000615.jpg,0.9988479262672811,1,14,"[[ 5.58727205e-01 -5.20146489e-01 -6.45965636e-01 -2.10043076e+02]
 [ 5.64427793e-01  8.09158444e-01 -1.63352042e-01  5.42410240e+01]
 [ 6.07655525e-01 -2.73331672e-01  7.45683968e-01  5.49948242e+02]
 [ 0.00000000e+00  0.00000000e+00  0.00000000e+00  1.00000000e+00]]"
26,000006,315,datasets/bop23_challenge/datasets/icbin/train_pbr/000006/rgb/000315.jpg,0.9990654205607477,1,3,"[[ 6.76479042e-01  3.67336661e-01 -6.38310254e-01 -1.07473701e+02]
 [-6.91720605e-01  6.14412844e-01 -3.79499167e-01 -1.37451599e+02]
 [ 2.52782166e-01  6.98255539e-01  6.69731677e-01  9.00140747e+02]
 [ 0.00000000e+00  0.00000000e+00  0.00000000e+00  1.00000000e+00]]"
27,000009,518,datasets/bop23_challenge/datasets/icbin/train_pbr/000009/rgb/000518.jpg,0.9996717814064167,1,4,"[[-1.15319826e-01  6.63322926e-01  7.39394426e-01  9.68043747e+01]
 [-9.62392747e-01 -2.58930355e-01  8.21908861e-02 -1.00223694e+02]
 [ 2.45970711e-01 -7.02109635e-01  6.68236911e-01  4.64076691e+02]
 [ 0.00000000e+00  0.00000000e+00  0.00000000e+00  1.00000000e+00]]"
28,000000,355,datasets/bop23_challenge/datasets/icbin/train_pbr/000000/rgb/000355.jpg,0.8723071863180398,1,1,"[[ 7.60318577e-01 -5.95397353e-01  2.59649128e-01 -7.38757706e+01]
 [ 2.61752278e-01  6.46688879e-01  7.16435134e-01 -7.65645599e+01]
 [-5.94475746e-01 -4.76755202e-01  6.47536159e-01  4.81555176e+02]
 [ 0.00000000e+00  0.00000000e+00  0.00000000e+00  1.00000000e+00]]"
29,000008,596,datasets/bop23_challenge/datasets/icbin/train_pbr/000008/rgb/000596.jpg,0.9990423749102226,1,2,"[[ 7.59899139e-01  1.37485906e-01  6.35335386e-01  7.47734909e+01]
 [ 1.94723800e-01  8.84349704e-01 -4.24273789e-01 -4.22222404e+01]
 [-6.20190322e-01  4.46120203e-01  6.45244837e-01  7.90276062e+02]
 [ 0.00000000e+00  0.00000000e+00  0.00000000e+00  1.00000000e+00]]"
30,000004,497,datasets/bop23_challenge/datasets/icbin/train_pbr/000004/rgb/000497.jpg,0.8434150076569679,1,1,"[[ 4.03782278e-01 -8.11833978e-01 -4.21764672e-01 -6.16341553e+01]
 [ 5.64111114e-01  5.83884239e-01 -5.83830357e-01  1.51823166e+02]
 [ 7.20235050e-01 -2.18177750e-03  6.93726659e-01  1.01970050e+03]
 [ 0.00000000e+00  0.00000000e+00  0.00000000e+00  1.00000000e+00]]"
31,000009,229,datasets/bop23_challenge/datasets/icbin/train_pbr/000009/rgb/000229.jpg,0.9997648349925531,1,11,"[[ 3.40885371e-01 -5.75206161e-01 -7.43596017e-01 -1.14597008e+02]
 [ 8.97753835e-01 -3.55562605e-02  4.39060092e-01 -7.33001518e+00]
 [-2.78989583e-01 -8.17235351e-01  5.04272938e-01  4.66310608e+02]
 [ 0.00000000e+00  0.00000000e+00  0.00000000e+00  1.00000000e+00]]"
32,000009,291,datasets/bop23_challenge/datasets/icbin/train_pbr/000009/rgb/000291.jpg,0.9990121017535194,1,7,"[[-6.60786629e-01  2.73131907e-01 -6.99113607e-01 -2.81052612e+02]
 [-7.11588621e-01 -5.24252832e-01  4.67761070e-01  9.84267426e+01]
 [-2.38751858e-01  8.06571603e-01  5.40776968e-01  8.19720154e+02]
 [ 0.00000000e+00  0.00000000e+00  0.00000000e+00  1.00000000e+00]]"
33,000004,616,datasets/bop23_challenge/datasets/icbin/train_pbr/000004/rgb/000616.jpg,0.999393157854813,1,7,"[[ 6.19962692e-01  1.58379339e-02 -7.84471452e-01 -1.83970505e+02]
 [-4.05994654e-01  8.62024188e-01 -3.03451270e-01 -1.19142929e+02]
 [ 6.71427310e-01  5.06619692e-01  5.40852964e-01  4.51897461e+02]
 [ 0.00000000e+00  0.00000000e+00  0.00000000e+00  1.00000000e+00]]"
34,000005,324,datasets/bop23_challenge/datasets/icbin/train_pbr/000005/rgb/000324.jpg,1.0,1,5,"[[ 6.94605768e-01  1.87349260e-01 -6.94566846e-01  2.67974434e+01]
 [ 2.28182539e-01  8.58259916e-01  4.59698468e-01  2.48681061e+02]
 [ 6.82243049e-01 -4.77797240e-01  5.53402483e-01  7.45021851e+02]
 [ 0.00000000e+00  0.00000000e+00  0.00000000e+00  1.00000000e+00]]"
35,000004,157,datasets/bop23_challenge/datasets/icbin/train_pbr/000004/rgb/000157.jpg,1.0,1,9,"[[ 3.54535490e-01  7.45297492e-01  5.64655900e-01  1.07455437e+02]
 [-3.92582625e-01  6.66725636e-01 -6.33526504e-01  3.91042023e+01]
 [-8.48636270e-01  2.93356692e-03  5.28968751e-01  6.64502625e+02]
 [ 0.00000000e+00  0.00000000e+00  0.00000000e+00  1.00000000e+00]]"
36,000003,193,datasets/bop23_challenge/datasets/icbin/train_pbr/000003/rgb/000193.jpg,1.0,1,9,"[[ 6.63154945e-02  5.06184459e-01 -8.59871924e-01 -1.02469719e+02]
 [-9.97657180e-01  4.81559187e-02 -4.85937409e-02  1.92263550e+02]
 [ 1.68106016e-02  8.61079812e-01  5.08191884e-01  7.72326294e+02]
 [ 0.00000000e+00  0.00000000e+00  0.00000000e+00  1.00000000e+00]]"
37,000000,838,datasets/bop23_challenge/datasets/icbin/train_pbr/000000/rgb/000838.jpg,0.850517302889761,1,13,"[[-3.56961489e-01  5.04752219e-01  7.86005139e-01  2.21797501e+02]
 [-9.34013844e-01 -2.05508590e-01 -2.92206734e-01  2.13092972e+02]
 [ 1.40386960e-02 -8.38446081e-01  5.44803858e-01  1.00466620e+03]
 [ 0.00000000e+00  0.00000000e+00  0.00000000e+00  1.00000000e+00]]"
38,000002,546,datasets/bop23_challenge/datasets/icbin/train_pbr/000002/rgb/000546.jpg,0.9988861661840054,1,8,"[[-3.64919096e-01  6.99038863e-01  6.14962220e-01  3.25424561e+02]
 [-7.76336551e-01  1.36146799e-01 -6.15439296e-01 -3.63175278e+01]
 [-5.13941109e-01 -7.02003300e-01  4.93006915e-01  7.90947815e+02]
 [ 0.00000000e+00  0.00000000e+00  0.00000000e+00  1.00000000e+00]]"
39,000001,576,datasets/bop23_challenge/datasets/icbin/train_pbr/000001/rgb/000576.jpg,0.8390151515151515,1,15,"[[-2.57827014e-01 -6.84540808e-01  6.81856990e-01  9.49946747e+01]
 [ 7.78616786e-01  2.70650953e-01  5.66130579e-01  1.22103531e+02]
 [-5.72084725e-01  6.76869154e-01  4.63213950e-01  5.72503723e+02]
 [ 0.00000000e+00  0.00000000e+00  0.00000000e+00  1.00000000e+00]]"
40,000003,603,datasets/bop23_challenge/datasets/icbin/train_pbr/000003/rgb/000603.jpg,0.9350442879854645,1,17,"[[-4.97838110e-01  7.16307878e-01 -4.88938153e-01  1.56011520e+02]
 [-7.20983088e-01 -2.84908935e-02  6.92366898e-01 -2.85454315e+02]
 [ 4.82017577e-01  6.97202623e-01  5.30629516e-01  8.15008240e+02]
 [ 0.00000000e+00  0.00000000e+00  0.00000000e+00  1.00000000e+00]]"
41,000005,602,datasets/bop23_challenge/datasets/icbin/train_pbr/000005/rgb/000602.jpg,0.9998585572842998,1,14,"[[ 2.09665954e-01  6.61069393e-01  7.20435560e-01  1.05933861e+02]
 [-8.29120338e-01 -2.70342201e-01  4.89361286e-01  1.01779953e+02]
 [ 5.18265963e-01 -6.99930131e-01  4.91424590e-01  6.20603210e+02]
 [ 0.00000000e+00  0.00000000e+00  0.00000000e+00  1.00000000e+00]]"
42,000003,436,datasets/bop23_challenge/datasets/icbin/train_pbr/000003/rgb/000436.jpg,0.9339247476292444,1,18,"[[ 5.13455749e-01 -7.31213391e-01  4.49099362e-01 -1.31809149e+01]
 [ 2.18994051e-01  6.17682695e-01  7.55320966e-01 -1.02228920e+02]
 [-8.29701662e-01 -2.89473832e-01  4.77284104e-01  9.16371460e+02]
 [ 0.00000000e+00  0.00000000e+00  0.00000000e+00  1.00000000e+00]]"
43,000003,592,datasets/bop23_challenge/datasets/icbin/train_pbr/000003/rgb/000592.jpg,0.905583873957368,1,6,"[[ 5.60913980e-01  3.21497709e-01  7.62899101e-01  6.11394644e-01]
 [ 4.42595296e-02  9.08552408e-01 -4.15419817e-01 -2.14704041e+02]
 [-8.26690316e-01  2.66780376e-01  4.95390385e-01  5.74927368e+02]
 [ 0.00000000e+00  0.00000000e+00  0.00000000e+00  1.00000000e+00]]"
44,000007,240,datasets/bop23_challenge/datasets/icbin/train_pbr/000007/rgb/000240.jpg,1.0,1,2,"[[-3.14871281e-01  9.47347581e-01  5.82131408e-02 -2.40262039e+02]
 [-4.55955952e-01 -2.04768941e-01  8.66125882e-01  5.65938339e+01]
 [ 8.32442462e-01  2.46175453e-01  4.96424496e-01  9.38213379e+02]
 [ 0.00000000e+00  0.00000000e+00  0.00000000e+00  1.00000000e+00]]"
45,000004,477,datasets/bop23_challenge/datasets/icbin/train_pbr/000004/rgb/000477.jpg,1.0,1,15,"[[ 3.90003771e-02  9.22928512e-01  3.82991165e-01  3.93751495e+02]
 [-5.71178317e-01 -2.93901861e-01  7.66405463e-01  6.85535889e+01]
 [ 8.19899082e-01 -2.48646423e-01  5.15694261e-01  7.90135315e+02]
 [ 0.00000000e+00  0.00000000e+00  0.00000000e+00  1.00000000e+00]]"
46,000007,356,datasets/bop23_challenge/datasets/icbin/train_pbr/000007/rgb/000356.jpg,0.9956628323590421,1,5,"[[ 2.56735444e-01 -5.24097741e-01  8.12039733e-01  1.86074951e+02]
 [ 9.19717789e-01 -1.25705481e-01 -3.71910542e-01 -2.42426701e+01]
 [ 2.96995282e-01  8.42329979e-01  4.49748904e-01  7.30814148e+02]
 [ 0.00000000e+00  0.00000000e+00  0.00000000e+00  1.00000000e+00]]"
47,000005,868,datasets/bop23_challenge/datasets/icbin/train_pbr/000005/rgb/000868.jpg,0.9075024768080698,1,6,"[[-7.47372270e-01  9.67988595e-02  6.57316625e-01 -2.22563034e+02]
 [-6.08392060e-01 -4.97296393e-01 -6.18510962e-01  5.24769363e+01]
 [ 2.67009914e-01 -8.62163961e-01  4.30556834e-01  5.14113220e+02]
 [ 0.00000000e+00  0.00000000e+00  0.00000000e+00  1.00000000e+00]]"
48,000002,559,datasets/bop23_challenge/datasets/icbin/train_pbr/000002/rgb/000559.jpg,1.0,1,11,"[[ 1.16833575e-01 -7.44658113e-01 -6.57141089e-01 -8.08944626e+01]
 [ 6.78045571e-01 -4.23663288e-01  6.00636303e-01  2.52415649e+02]
 [-7.25675106e-01 -5.15746057e-01  4.55413848e-01  8.03043335e+02]
 [ 0.00000000e+00  0.00000000e+00  0.00000000e+00  1.00000000e+00]]"
49,000003,225,datasets/bop23_challenge/datasets/icbin/train_pbr/000003/rgb/000225.jpg,1.0,1,5,"[[-2.45307997e-01  4.07067835e-01 -8.79841030e-01 -3.77993164e+01]
 [-6.35947108e-01 -7.52576947e-01 -1.70879751e-01 -1.04245811e+02]
 [-7.31707454e-01  5.17614126e-01  4.43486273e-01  7.48888672e+02]
 [ 0.00000000e+00  0.00000000e+00  0.00000000e+00  1.00000000e+00]]"
50,000002,921,datasets/bop23_challenge/datasets/icbin/train_pbr/000002/rgb/000921.jpg,1.0,1,18,"[[-1.36608228e-01 -9.53117311e-01  2.70010769e-01  1.35563629e+02]
 [ 4.22156185e-01 -3.02588999e-01 -8.54531646e-01  1.50322170e+01]
 [ 8.96171093e-01 -2.74923304e-03  4.43700314e-01  9.65027222e+02]
 [ 0.00000000e+00  0.00000000e+00  0.00000000e+00  1.00000000e+00]]"
51,000000,525,datasets/bop23_challenge/datasets/icbin/train_pbr/000000/rgb/000525.jpg,0.9546417354466438,1,5,"[[-7.37787902e-01 -7.90715888e-02 -6.70385957e-01 -2.17948364e+02]
 [ 6.59018338e-01 -2.99413145e-01 -6.89961612e-01  1.51051819e+02]
 [-1.46165863e-01 -9.50841665e-01  2.73012638e-01  4.83552551e+02]
 [ 0.00000000e+00  0.00000000e+00  0.00000000e+00  1.00000000e+00]]"
52,000009,557,datasets/bop23_challenge/datasets/icbin/train_pbr/000009/rgb/000557.jpg,0.9187344913151365,1,3,"[[-9.76058841e-01 -1.18347026e-01 -1.82491824e-01  2.77738403e+02]
 [-1.43748298e-01 -2.78680772e-01  9.49564934e-01 -1.17822540e+02]
 [-1.63235143e-01  9.53064024e-01  2.54996568e-01  9.20106079e+02]
 [ 0.00000000e+00  0.00000000e+00  0.00000000e+00  1.00000000e+00]]"
53,000005,145,datasets/bop23_challenge/datasets/icbin/train_pbr/000005/rgb/000145.jpg,0.999765203099319,1,6,"[[-2.93264091e-01 -1.74051896e-01 -9.40054595e-01  6.21170464e+01]
 [ 8.39416504e-01 -5.17500758e-01 -1.66052699e-01 -1.52841888e+02]
 [-4.57576901e-01 -8.37794423e-01  2.97866017e-01  8.12584290e+02]
 [ 0.00000000e+00  0.00000000e+00  0.00000000e+00  1.00000000e+00]]"
54,000000,802,datasets/bop23_challenge/datasets/icbin/train_pbr/000000/rgb/000802.jpg,0.9997782705099778,1,6,"[[-6.18801415e-01 -1.03288546e-01 -7.78727591e-01 -4.19601974e+01]
 [-6.21618390e-01 -5.41711628e-01  5.65808713e-01  2.66249023e+02]
 [-4.80287194e-01  8.34194481e-01  2.71005541e-01  8.03296326e+02]
 [ 0.00000000e+00  0.00000000e+00  0.00000000e+00  1.00000000e+00]]"
55,000008,114,datasets/bop23_challenge/datasets/icbin/train_pbr/000008/rgb/000114.jpg,0.881159420289855,1,17,"[[-3.63667101e-01  3.20955887e-02  9.30976093e-01  1.48554626e+02]
 [ 3.77406299e-01 -9.08632457e-01  1.78751409e-01 -2.74592972e+01]
 [ 8.51651967e-01  4.16362166e-01  3.18326294e-01  9.52728455e+02]
 [ 0.00000000e+00  0.00000000e+00  0.00000000e+00  1.00000000e+00]]"
56,000008,650,datasets/bop23_challenge/datasets/icbin/train_pbr/000008/rgb/000650.jpg,0.9910141206675225,1,17,"[[ 5.00052512e-01  8.36563826e-01 -2.23849326e-01  1.98572937e+02]
 [-1.42262474e-01  3.34331155e-01  9.31656718e-01  1.62193649e+02]
 [ 8.54230046e-01 -4.34031993e-01  2.86194742e-01  5.33332397e+02]
 [ 0.00000000e+00  0.00000000e+00  0.00000000e+00  1.00000000e+00]]"
57,000000,835,datasets/bop23_challenge/datasets/icbin/train_pbr/000000/rgb/000835.jpg,1.0,1,0,"[[ 6.26727998e-01 -3.78417522e-01 -6.81184411e-01 -2.44719986e+02]
 [-3.62250477e-01  6.32477880e-01 -6.84650540e-01 -1.16237907e+02]
 [ 6.89917862e-01  6.75849020e-01  2.59309649e-01  7.61698730e+02]
 [ 0.00000000e+00  0.00000000e+00  0.00000000e+00  1.00000000e+00]]"
58,000008,378,datasets/bop23_challenge/datasets/icbin/train_pbr/000008/rgb/000378.jpg,0.9216992919616827,1,5,"[[ 3.92407238e-01  5.42571163e-03 -9.19775605e-01  1.81160385e+02]
 [ 6.45636618e-01  7.10600913e-01  2.79642165e-01  1.67174088e+02]
 [ 6.55110657e-01 -7.03574419e-01  2.75341898e-01  1.07319080e+03]
 [ 0.00000000e+00  0.00000000e+00  0.00000000e+00  1.00000000e+00]]"
59,000003,243,datasets/bop23_challenge/datasets/icbin/train_pbr/000003/rgb/000243.jpg,1.0,1,5,"[[-1.23274416e-01 -6.10443234e-01 -7.82408118e-01 -1.82963123e+01]
 [ 2.84651071e-01 -7.77042449e-01  5.61407864e-01 -6.77076874e+01]
 [-9.50671971e-01 -1.53506085e-01  2.69552767e-01  8.34062195e+02]
 [ 0.00000000e+00  0.00000000e+00  0.00000000e+00  1.00000000e+00]]"
60,000002,27,datasets/bop23_challenge/datasets/icbin/train_pbr/000002/rgb/000027.jpg,0.8906279464454082,1,10,"[[ 1.19588330e-01 -5.94817519e-01  7.94915617e-01 -1.45861618e+02]
 [ 2.90833026e-01  7.86526322e-01  5.44786692e-01 -3.57322464e+01]
 [-9.49270725e-01  1.66037530e-01  2.67051905e-01  7.08060913e+02]
 [ 0.00000000e+00  0.00000000e+00  0.00000000e+00  1.00000000e+00]]"
61,000005,930,datasets/bop23_challenge/datasets/icbin/train_pbr/000005/rgb/000930.jpg,1.0,1,10,"[[-5.78687429e-01  4.74292785e-01 -6.63451135e-01  2.23178894e+02]
 [-6.91546500e-01  1.45843998e-01  7.07455337e-01 -8.34329758e+01]
 [ 4.32301342e-01  8.68202746e-01  2.43597344e-01  9.49036804e+02]
 [ 0.00000000e+00  0.00000000e+00  0.00000000e+00  1.00000000e+00]]"
62,000009,549,datasets/bop23_challenge/datasets/icbin/train_pbr/000009/rgb/000549.jpg,0.9230525649145028,1,3,"[[-1.35505289e-01  2.32055753e-01  9.63217854e-01  1.48691849e+02]
 [-8.85515392e-01 -4.64437276e-01 -1.26831252e-02  1.19449097e+02]
 [ 4.44410950e-01 -8.54662776e-01  2.68422455e-01  9.49502319e+02]
 [ 0.00000000e+00  0.00000000e+00  0.00000000e+00  1.00000000e+00]]"
63,000004,532,datasets/bop23_challenge/datasets/icbin/train_pbr/000004/rgb/000532.jpg,1.0,1,5,"[[-6.90878987e-01 -7.02842474e-02  7.19546139e-01  1.16113014e+02]
 [ 7.04975843e-01 -2.86164522e-01  6.48936987e-01 -1.65528595e+02]
 [ 1.60298452e-01  9.55599427e-01  2.47253552e-01  6.01406982e+02]
 [ 0.00000000e+00  0.00000000e+00  0.00000000e+00  1.00000000e+00]]"
64,000001,665,datasets/bop23_challenge/datasets/icbin/train_pbr/000001/rgb/000665.jpg,0.9367403719431835,1,9,"[[-4.63451026e-03 -2.74611294e-01 -9.61544216e-01 -1.09851936e+02]
 [ 9.92358863e-01  1.17296331e-01 -3.82821299e-02 -7.59123917e+01]
 [ 1.23298347e-01 -9.54374313e-01  2.71969289e-01  6.48609314e+02]
 [ 0.00000000e+00  0.00000000e+00  0.00000000e+00  1.00000000e+00]]"
65,000000,668,datasets/bop23_challenge/datasets/icbin/train_pbr/000000/rgb/000668.jpg,0.8722053546784433,1,12,"[[ 4.88944240e-02  2.81323165e-01  9.58366632e-01 -2.15777863e+02]
 [-7.47164071e-01  6.47066772e-01 -1.51823655e-01  5.80316544e+01]
 [-6.62838697e-01 -7.08633780e-01  2.41832525e-01  8.66667114e+02]
 [ 0.00000000e+00  0.00000000e+00  0.00000000e+00  1.00000000e+00]]"
66,000004,199,datasets/bop23_challenge/datasets/icbin/train_pbr/000004/rgb/000199.jpg,0.939799331103679,1,12,"[[ 2.32169837e-01 -7.67767504e-02  9.69640434e-01  1.43468796e+02]
 [ 7.10729539e-01  6.93964005e-01 -1.15227968e-01 -8.40153503e+01]
 [-6.64048731e-01  7.15904534e-01  2.15684995e-01  9.66981506e+02]
 [ 0.00000000e+00  0.00000000e+00  0.00000000e+00  1.00000000e+00]]"
67,000004,402,datasets/bop23_challenge/datasets/icbin/train_pbr/000004/rgb/000402.jpg,0.9795226870948733,1,15,"[[-1.20500080e-01  6.44100368e-01  7.55390286e-01  9.72892456e+01]
 [-4.65374708e-01  6.35489106e-01 -6.16100669e-01  9.08834934e+00]
 [-8.76872957e-01 -4.25779670e-01  2.23171517e-01  6.38315125e+02]
 [ 0.00000000e+00  0.00000000e+00  0.00000000e+00  1.00000000e+00]]"
68,000002,432,datasets/bop23_challenge/datasets/icbin/train_pbr/000002/rgb/000432.jpg,0.9289170506912442,1,0,"[[ 3.73649746e-01  9.11733329e-01 -1.70670524e-01  1.01684120e+02]
 [-2.73846418e-01 -6.73669726e-02 -9.59411383e-01  1.47230652e+02]
 [-8.86224687e-01  4.05221432e-01  2.24503085e-01  5.61519165e+02]
 [ 0.00000000e+00  0.00000000e+00  0.00000000e+00  1.00000000e+00]]"
69,000006,626,datasets/bop23_challenge/datasets/icbin/train_pbr/000006/rgb/000626.jpg,1.0,1,12,"[[ 2.58397490e-01 -7.77605593e-01 -5.73202014e-01  2.97959595e+02]
 [ 1.03785150e-01  6.12264454e-01 -7.83811867e-01  5.66574955e+00]
 [ 9.60447609e-01  1.43045276e-01  2.38911450e-01  8.34866699e+02]
 [ 0.00000000e+00  0.00000000e+00  0.00000000e+00  1.00000000e+00]]"
70,000009,675,datasets/bop23_challenge/datasets/icbin/train_pbr/000009/rgb/000675.jpg,1.0,1,17,"[[ 1.63858071e-01 -3.62643182e-01 -9.17409897e-01 -6.75814056e+01]
 [ 2.23372474e-01  9.19464231e-01 -3.23558867e-01  3.94830170e+01]
 [ 9.60861981e-01 -1.51906267e-01  2.31666103e-01  6.20023499e+02]
 [ 0.00000000e+00  0.00000000e+00  0.00000000e+00  1.00000000e+00]]"
71,000006,999,datasets/bop23_challenge/datasets/icbin/train_pbr/000006/rgb/000999.jpg,0.8778280542986425,1,15,"[[-2.32399046e-01  1.01846345e-01 -9.67273593e-01 -2.50203075e+01]
 [-9.14997876e-01  3.14328939e-01  2.52935469e-01  1.53292313e+02]
 [ 3.29802692e-01  9.43835139e-01  2.01393589e-02  7.33754028e+02]
 [ 0.00000000e+00  0.00000000e+00  0.00000000e+00  1.00000000e+00]]"
72,000009,900,datasets/bop23_challenge/datasets/icbin/train_pbr/000009/rgb/000900.jpg,0.9974496301963784,1,4,"[[ 3.51636529e-01 -2.51460791e-01  9.01731312e-01 -1.94949341e+02]
 [ 7.36234307e-01 -5.20656049e-01 -4.32292312e-01  2.99994232e+02]
 [ 5.78196287e-01  8.15895259e-01  2.05225847e-03  8.69255493e+02]
 [ 0.00000000e+00  0.00000000e+00  0.00000000e+00  1.00000000e+00]]"
73,000007,432,datasets/bop23_challenge/datasets/icbin/train_pbr/000007/rgb/000432.jpg,0.9856647398843931,1,8,"[[ 5.72635710e-01 -8.19539368e-01 -2.10636854e-02  1.35511292e+02]
 [-5.92775410e-03  2.15534009e-02 -9.99750257e-01  1.86051285e+02]
 [ 8.19788575e-01  5.72617650e-01  7.48415850e-03  8.00695129e+02]
 [ 0.00000000e+00  0.00000000e+00  0.00000000e+00  1.00000000e+00]]"
74,000002,610,datasets/bop23_challenge/datasets/icbin/train_pbr/000002/rgb/000610.jpg,0.9997865528281751,1,4,"[[ 2.50364363e-01 -7.62233794e-01 -5.96923232e-01 -1.08088203e+02]
 [-1.92122981e-01  5.65181851e-01 -8.02283168e-01 -1.52850739e+02]
 [ 9.48897481e-01  3.15545797e-01 -4.94124368e-03  7.75385803e+02]
 [ 0.00000000e+00  0.00000000e+00  0.00000000e+00  1.00000000e+00]]"
75,000007,595,datasets/bop23_challenge/datasets/icbin/train_pbr/000007/rgb/000595.jpg,0.9932708483537611,1,10,"[[-5.65347821e-03 -7.39206791e-01 -6.73454881e-01  1.09728489e+01]
 [-9.75503994e-04  6.73469365e-01 -7.39214540e-01 -1.77216476e+02]
 [ 9.99983549e-01 -3.52215394e-03 -4.52855276e-03  8.13958008e+02]
 [ 0.00000000e+00  0.00000000e+00  0.00000000e+00  1.00000000e+00]]"
76,000002,416,datasets/bop23_challenge/datasets/icbin/train_pbr/000002/rgb/000416.jpg,1.0,1,17,"[[ 2.13578299e-01  6.86864018e-01  6.94695890e-01 -1.79863495e+02]
 [-2.06121981e-01 -6.63412571e-01  7.19303787e-01  1.20791924e+02]
 [ 9.54933643e-01 -2.96819806e-01 -1.12950751e-04  5.32027283e+02]
 [ 0.00000000e+00  0.00000000e+00  0.00000000e+00  1.00000000e+00]]"
77,000009,204,datasets/bop23_challenge/datasets/icbin/train_pbr/000009/rgb/000204.jpg,0.997872340425532,1,11,"[[ 4.98910815e-01  7.02570736e-01 -5.07427216e-01 -2.77295135e+02]
 [ 3.27231199e-01  3.89447927e-01  8.60958874e-01  2.24261459e+02]
 [ 8.02500963e-01 -5.95587730e-01 -3.56032848e-02  1.11080933e+03]
 [ 0.00000000e+00  0.00000000e+00  0.00000000e+00  1.00000000e+00]]"
78,000002,316,datasets/bop23_challenge/datasets/icbin/train_pbr/000002/rgb/000316.jpg,0.9983637213651239,1,5,"[[ 7.31696904e-01  5.39964736e-01  4.16002065e-01 -2.48283279e+02]
 [-3.55928332e-01 -2.17827767e-01  9.08771813e-01 -2.53089813e+02]
 [ 5.81321478e-01 -8.13012421e-01  3.28048281e-02  8.35451721e+02]
 [ 0.00000000e+00  0.00000000e+00  0.00000000e+00  1.00000000e+00]]"
79,000000,526,datasets/bop23_challenge/datasets/icbin/train_pbr/000000/rgb/000526.jpg,0.863013698630137,1,2,"[[-1.32335052e-01 -2.66058017e-02  9.90848064e-01  1.13146362e+02]
 [-9.42789853e-01 -3.05223733e-01 -1.34112135e-01  1.34441086e+02]
 [ 3.05998325e-01 -9.51909125e-01  1.53079331e-02  1.01861322e+03]
 [ 0.00000000e+00  0.00000000e+00  0.00000000e+00  1.00000000e+00]]"
80,000000,790,datasets/bop23_challenge/datasets/icbin/train_pbr/000000/rgb/000790.jpg,0.9997509960159362,1,13,"[[-6.70803070e-01 -2.03873981e-02 -7.41355419e-01 -1.28488235e+02]
 [ 7.41563141e-01 -4.45879204e-03 -6.70868397e-01  2.82785400e+02]
 [ 1.03717633e-02 -9.99782264e-01  1.81093961e-02  8.37025024e+02]
 [ 0.00000000e+00  0.00000000e+00  0.00000000e+00  1.00000000e+00]]"
81,000004,876,datasets/bop23_challenge/datasets/icbin/train_pbr/000004/rgb/000876.jpg,1.0,1,10,"[[ 5.24340510e-01 -2.02187434e-01  8.27156126e-01  1.17893478e+02]
 [-7.84465492e-01  2.63111413e-01  5.61592698e-01  1.34271957e+02]
 [-3.31181198e-01 -9.43341196e-01 -2.06491109e-02  9.27001831e+02]
 [ 0.00000000e+00  0.00000000e+00  0.00000000e+00  1.00000000e+00]]"
82,000009,846,datasets/bop23_challenge/datasets/icbin/train_pbr/000009/rgb/000846.jpg,0.9079275905118602,1,2,"[[-4.11841273e-01  2.86491573e-01 -8.65048707e-01  2.11943872e-04]
 [ 7.15385854e-01 -4.86368060e-01 -5.01666307e-01 -1.52700333e-04]
 [-5.64455271e-01 -8.25450540e-01 -4.64552594e-03  9.10581360e+02]
 [ 0.00000000e+00  0.00000000e+00  0.00000000e+00  1.00000000e+00]]"
83,000003,11,datasets/bop23_challenge/datasets/icbin/train_pbr/000003/rgb/000011.jpg,0.999817817453088,1,6,"[[-2.62062192e-01  4.07039076e-01 -8.75010133e-01 -1.98686569e+02]
 [ 5.10850310e-01 -7.10735381e-01 -4.83619034e-01 -2.74485760e+01]
 [-8.18752408e-01 -5.73737383e-01 -2.16792878e-02  7.21560303e+02]
 [ 0.00000000e+00  0.00000000e+00  0.00000000e+00  1.00000000e+00]]"
84,000009,900,datasets/bop23_challenge/datasets/icbin/train_pbr/000009/rgb/000900.jpg,0.9506973726889394,1,17,"[[-2.06011310e-01  5.88244081e-01  7.82002747e-01  3.29842842e-05]
 [-2.51420200e-01  7.40498364e-01 -6.23257637e-01 -1.02508573e-04]
 [-9.45699334e-01 -3.25009406e-01 -4.65459144e-03  9.16026123e+02]
 [ 0.00000000e+00  0.00000000e+00  0.00000000e+00  1.00000000e+00]]"
85,000002,47,datasets/bop23_challenge/datasets/icbin/train_pbr/000002/rgb/000047.jpg,0.8178678332949574,1,19,"[[-1.28171518e-02 -4.15404379e-01  9.09546614e-01  1.25662399e+02]
 [ 9.37479897e-04  9.09615874e-01  4.15449262e-01  1.80985062e+02]
 [-9.99917507e-01  6.17752643e-03 -1.12692583e-02  8.02525513e+02]
 [ 0.00000000e+00  0.00000000e+00  0.00000000e+00  1.00000000e+00]]"
86,000002,1,datasets/bop23_challenge/datasets/icbin/train_pbr/000002/rgb/000001.jpg,1.0,1,5,"[[-1.35643691e-01 -4.07569319e-01 -9.03043866e-01 -8.85291811e-05]
 [-2.45548725e-01 -8.69201899e-01  4.29178596e-01 -1.06432046e-04]
 [-9.59847271e-01  2.79956579e-01  1.78234354e-02  9.21241394e+02]
 [ 0.00000000e+00  0.00000000e+00  0.00000000e+00  1.00000000e+00]]"
87,000002,499,datasets/bop23_challenge/datasets/icbin/train_pbr/000002/rgb/000499.jpg,0.8810819213430747,1,2,"[[-1.46173630e-02 -1.35522420e-02  9.99801397e-01 -1.08945580e+02]
 [ 5.63748360e-01  8.25717926e-01  1.94346551e-02 -2.30775574e+02]
 [-8.25817347e-01  5.63920438e-01 -4.42978134e-03  6.65690857e+02]
 [ 0.00000000e+00  0.00000000e+00  0.00000000e+00  1.00000000e+00]]"
88,000001,344,datasets/bop23_challenge/datasets/icbin/train_pbr/000001/rgb/000344.jpg,0.8712317555585868,1,7,"[[ 7.08308995e-01  5.05324364e-01 -4.92895156e-01  9.72257843e+01]
 [-3.99018139e-01 -2.89380908e-01 -8.70082319e-01  8.11102600e+01]
 [-5.82308233e-01  8.12961280e-01 -3.33751948e-03  6.11358887e+02]
 [ 0.00000000e+00  0.00000000e+00  0.00000000e+00  1.00000000e+00]]"
89,000007,410,datasets/bop23_challenge/datasets/icbin/train_pbr/000007/rgb/000410.jpg,0.9966790388747803,1,17,"[[-2.42698267e-01 -8.51958916e-02 -9.66353476e-01  2.09749100e+02]
 [-9.16882634e-01 -3.05256546e-01  2.57185876e-01 -2.18984711e+02]
 [-3.16896975e-01  9.48451340e-01 -4.02931310e-03  7.60537476e+02]
 [ 0.00000000e+00  0.00000000e+00  0.00000000e+00  1.00000000e+00]]"
90,000008,400,datasets/bop23_challenge/datasets/icbin/train_pbr/000008/rgb/000400.jpg,1.0,1,6,"[[ 7.65851021e-01  2.98903845e-02 -6.42322958e-01 -2.03261017e+02]
 [-6.42756224e-01  7.08239293e-03 -7.66038179e-01  5.84599304e+01]
 [-1.83479041e-02  9.99528229e-01  2.46362556e-02  9.44531067e+02]
 [ 0.00000000e+00  0.00000000e+00  0.00000000e+00  1.00000000e+00]]"
91,000006,471,datasets/bop23_challenge/datasets/icbin/train_pbr/000006/rgb/000471.jpg,0.9942653974079596,1,19,"[[ 2.66131490e-01  6.37978911e-02 -9.61823225e-01 -1.87243759e+02]
 [ 1.77389026e-01 -9.84007835e-01 -1.61867607e-02  2.74425488e+01]
 [-9.47474122e-01 -1.66309059e-01 -2.73192614e-01  5.65413025e+02]
 [ 0.00000000e+00  0.00000000e+00  0.00000000e+00  1.00000000e+00]]"
92,000003,286,datasets/bop23_challenge/datasets/icbin/train_pbr/000003/rgb/000286.jpg,0.9066213921901528,1,1,"[[ 1.44891053e-01 -4.57884341e-01 -8.77125204e-01 -2.07120117e+02]
 [-2.44757980e-01 -8.75515580e-01  4.16612804e-01 -1.39086868e+02]
 [-9.58697140e-01  1.54319897e-01 -2.38925323e-01  9.62262573e+02]
 [ 0.00000000e+00  0.00000000e+00  0.00000000e+00  1.00000000e+00]]"
93,000006,24,datasets/bop23_challenge/datasets/icbin/train_pbr/000006/rgb/000024.jpg,0.9701010101010101,1,17,"[[-4.91159588e-01  7.85255611e-01 -3.77009392e-01  9.33572769e+01]
 [ 5.51808923e-02  4.59991574e-01  8.86207044e-01  3.60175934e+01]
 [ 8.69320154e-01  4.14465278e-01 -2.69260436e-01  4.74592468e+02]
 [ 0.00000000e+00  0.00000000e+00  0.00000000e+00  1.00000000e+00]]"
94,000007,343,datasets/bop23_challenge/datasets/icbin/train_pbr/000007/rgb/000343.jpg,0.9930660235152245,1,5,"[[ 4.69652057e-01  8.70208800e-01  1.48874879e-01 -1.63973572e+02]
 [ 1.05051026e-01 -2.22515509e-01  9.69253004e-01  4.56846313e+01]
 [ 8.76579344e-01 -4.39572245e-01 -1.95921242e-01  9.01336487e+02]
 [ 0.00000000e+00  0.00000000e+00  0.00000000e+00  1.00000000e+00]]"
95,000003,94,datasets/bop23_challenge/datasets/icbin/train_pbr/000003/rgb/000094.jpg,0.9951497860199715,1,15,"[[ 4.44936976e-02  2.98488170e-01  9.53375697e-01  9.32692947e+01]
 [ 7.33450830e-01 -6.57703221e-01  1.71687424e-01 -3.92445908e+01]
 [ 6.78284824e-01  6.91615164e-01 -2.48190120e-01  5.09415863e+02]
 [ 0.00000000e+00  0.00000000e+00  0.00000000e+00  1.00000000e+00]]"
96,000003,398,datasets/bop23_challenge/datasets/icbin/train_pbr/000003/rgb/000398.jpg,0.9970651013874067,1,17,"[[ 1.06928043e-01 -2.12013200e-01  9.71399426e-01 -9.34329910e+01]
 [-7.34798849e-01 -6.75023019e-01 -6.64434657e-02 -4.86633158e+00]
 [ 6.69803798e-01 -7.06678510e-01 -2.27966011e-01  8.54967834e+02]
 [ 0.00000000e+00  0.00000000e+00  0.00000000e+00  1.00000000e+00]]"
97,000009,226,datasets/bop23_challenge/datasets/icbin/train_pbr/000009/rgb/000226.jpg,0.9977830562153602,1,5,"[[ 2.59575188e-01 -2.44602978e-01  9.34232354e-01 -1.40734497e+02]
 [-9.55928624e-01  7.23477527e-02  2.84545749e-01 -2.62607803e+01]
 [-1.37190357e-01 -9.66920495e-01 -2.15043306e-01  6.73134644e+02]
 [ 0.00000000e+00  0.00000000e+00  0.00000000e+00  1.00000000e+00]]"
98,000001,645,datasets/bop23_challenge/datasets/icbin/train_pbr/000001/rgb/000645.jpg,0.8718931782125859,1,5,"[[-8.69757116e-01 -2.56482158e-02  4.92813170e-01 -2.50279546e+00]
 [ 4.63792741e-01  2.98665792e-01  8.34083378e-01  7.80357819e+01]
 [-1.68579191e-01  9.54013050e-01 -2.47871265e-01  5.98462402e+02]
 [ 0.00000000e+00  0.00000000e+00  0.00000000e+00  1.00000000e+00]]"
99,000007,874,datasets/bop23_challenge/datasets/icbin/train_pbr/000007/rgb/000874.jpg,0.9972979058770547,1,13,"[[-4.43820745e-01  4.37282950e-01 -7.82180786e-01  2.07002716e+01]
 [ 7.75010765e-01 -2.50886798e-01 -5.80012202e-01  6.65156174e+01]
 [-4.49868262e-01 -8.63619924e-01 -2.27550209e-01  4.60386841e+02]
 [ 0.00000000e+00  0.00000000e+00  0.00000000e+00  1.00000000e+00]]"
100,000002,512,datasets/bop23_challenge/datasets/icbin/train_pbr/000002/rgb/000512.jpg,1.0,1,2,"[[ 2.48325571e-01  3.50188494e-01  9.03162539e-01  8.20576172e+01]
 [ 8.50588918e-01  3.67298335e-01 -3.76285225e-01 -2.43815872e+02]
 [-4.63500887e-01  8.61661196e-01 -2.06656873e-01  7.29071472e+02]
 [ 0.00000000e+00  0.00000000e+00  0.00000000e+00  1.00000000e+00]]"
101,000009,242,datasets/bop23_challenge/datasets/icbin/train_pbr/000009/rgb/000242.jpg,0.8833713850837138,1,14,"[[ 2.46234953e-01  1.78931430e-01  9.52550232e-01 -3.38367577e+01]
 [ 1.97433755e-01 -9.71463621e-01  1.31447434e-01  2.83080597e+02]
 [ 9.48887944e-01  1.55698612e-01 -2.74535447e-01  7.40877502e+02]
 [ 0.00000000e+00  0.00000000e+00  0.00000000e+00  1.00000000e+00]]"
102,000000,106,datasets/bop23_challenge/datasets/icbin/train_pbr/000000/rgb/000106.jpg,0.9954325631380978,1,13,"[[ 5.78402244e-02  9.01655912e-01 -4.28568900e-01 -1.31843933e+02]
 [ 2.94101626e-01  3.94847214e-01  8.70402217e-01 -2.45696716e+01]
 [ 9.54022467e-01 -1.76387116e-01 -2.42340416e-01  8.52734009e+02]
 [ 0.00000000e+00  0.00000000e+00  0.00000000e+00  1.00000000e+00]]"
103,000000,958,datasets/bop23_challenge/datasets/icbin/train_pbr/000000/rgb/000958.jpg,0.8776810363134423,1,18,"[[ 3.77551287e-01 -4.10368806e-03 -9.25979555e-01 -1.98819061e+02]
 [ 6.33445561e-01 -7.28259861e-01  2.61503309e-01 -1.12833618e+02]
 [-6.75426960e-01 -6.85288608e-01 -2.72355944e-01  7.62641357e+02]
 [ 0.00000000e+00  0.00000000e+00  0.00000000e+00  1.00000000e+00]]"
104,000009,697,datasets/bop23_challenge/datasets/icbin/train_pbr/000009/rgb/000697.jpg,0.9827225130890053,1,7,"[[ 4.79390889e-01  7.21321464e-01  4.99879897e-01  9.78988419e+01]
 [ 5.44841230e-01  2.01912344e-01 -8.13867152e-01  1.13801140e+02]
 [-6.87991679e-01  6.62515700e-01 -2.96210736e-01  8.54569824e+02]
 [ 0.00000000e+00  0.00000000e+00  0.00000000e+00  1.00000000e+00]]"
105,000009,745,datasets/bop23_challenge/datasets/icbin/train_pbr/000009/rgb/000745.jpg,0.9850136239782016,1,3,"[[ 1.22157320e-01  3.61561239e-01 -9.24311161e-01  2.97439484e+02]
 [ 5.02167463e-01 -8.25804293e-01 -2.56661773e-01  3.61524849e+01]
 [-8.56099010e-01 -4.32805866e-01 -2.82442451e-01  8.86052124e+02]
