,scene_id,frame_id,rgb_path,visib_fract,obj_id,idx_obj,obj_poses
0,000000,416,datasets/bop23_challenge/datasets/ycbv/train_pbr/000000/rgb/000416.jpg,0.9860184710107748,1,2,"[[ 9.10197854e-01 -4.13820684e-01  1.70966797e-02  2.50239372e+01]
 [ 4.13105875e-01  9.10039663e-01  3.42257135e-02 -8.29400864e+01]
 [-2.97219623e-02 -2.40894333e-02  9.99267876e-01  1.19344202e+03]
 [ 0.00000000e+00  0.00000000e+00  0.00000000e+00  1.00000000e+00]]"
1,000004,448,datasets/bop23_challenge/datasets/ycbv/train_pbr/000004/rgb/000448.jpg,0.899682251475261,1,8,"[[ 2.05826655e-01 -9.52862203e-01  2.22911164e-01  3.70892448e+01]
 [ 9.75105703e-01  1.80500984e-01 -1.28796607e-01 -5.15159721e+01]
 [ 8.24896619e-02  2.43871704e-01  9.66292977e-01  6.85958435e+02]
 [ 0.00000000e+00  0.00000000e+00  0.00000000e+00  1.00000000e+00]]"
2,000001,41,datasets/bop23_challenge/datasets/ycbv/train_pbr/000001/rgb/000041.jpg,0.9933415770950252,1,8,"[[ 9.96445239e-01  7.34034628e-02 -4.13371660e-02  7.82993884e-05]
 [-6.00514933e-02  9.63048160e-01  2.62549281e-01 -1.84279081e-04]
 [ 5.90817034e-02 -2.59133607e-01  9.64032769e-01  1.12199207e+03]
 [ 0.00000000e+00  0.00000000e+00  0.00000000e+00  1.00000000e+00]]"
3,000004,919,datasets/bop23_challenge/datasets/ycbv/train_pbr/000004/rgb/000919.jpg,0.8851576518841323,1,14,"[[ 9.70814109e-01 -2.09617883e-01  1.16534516e-01 -8.45408325e+01]
 [ 1.79662213e-01  9.57506835e-01  2.25614995e-01  4.54893608e+01]
 [-1.58875540e-01 -1.98093370e-01  9.67221558e-01  1.06773279e+03]
 [ 0.00000000e+00  0.00000000e+00  0.00000000e+00  1.00000000e+00]]"
4,000000,414,datasets/bop23_challenge/datasets/ycbv/train_pbr/000000/rgb/000414.jpg,0.9995102155051777,1,2,"[[ 2.30391294e-01 -9.50459778e-01  2.08677173e-01  8.80417786e+01]
 [ 9.47916627e-01  2.67677575e-01  1.72635138e-01 -2.83802452e+01]
 [-2.19940946e-01  1.58034906e-01  9.62627113e-01  6.78839478e+02]
 [ 0.00000000e+00  0.00000000e+00  0.00000000e+00  1.00000000e+00]]"
5,000005,117,datasets/bop23_challenge/datasets/ycbv/train_pbr/000005/rgb/000117.jpg,0.9975953280659567,1,1,"[[ 9.42171097e-01  1.36801824e-01 -3.05939347e-01  1.08113396e+02]
 [-1.23796366e-01  9.90392923e-01  6.16141669e-02  2.30639858e+01]
 [ 3.11429083e-01 -2.01769080e-02  9.50055182e-01  7.71533447e+02]
 [ 0.00000000e+00  0.00000000e+00  0.00000000e+00  1.00000000e+00]]"
6,000004,493,datasets/bop23_challenge/datasets/ycbv/train_pbr/000004/rgb/000493.jpg,0.998236546062633,1,3,"[[-7.74639130e-01 -6.24234796e-01  1.01317167e-01 -1.27205551e+02]
 [ 6.11902535e-01 -6.99383676e-01  3.69374782e-01 -1.10464294e+02]
 [-1.59717023e-01  3.48128378e-01  9.23740804e-01  9.96566956e+02]
 [ 0.00000000e+00  0.00000000e+00  0.00000000e+00  1.00000000e+00]]"
7,000009,133,datasets/bop23_challenge/datasets/ycbv/train_pbr/000009/rgb/000133.jpg,1.0,1,7,"[[-7.52974629e-01 -5.55332899e-01 -3.53036135e-01  2.73569031e+01]
 [ 6.51082098e-01 -7.06575632e-01 -2.77205676e-01 -2.46154823e+01]
 [-9.55052748e-02 -4.38584358e-01  8.93600881e-01  8.58246033e+02]
 [ 0.00000000e+00  0.00000000e+00  0.00000000e+00  1.00000000e+00]]"
8,000003,988,datasets/bop23_challenge/datasets/ycbv/train_pbr/000003/rgb/000988.jpg,0.9999492823451843,1,7,"[[ 8.38861525e-01  3.22629273e-01 -4.38430995e-01  1.10162003e+02]
 [-4.11159247e-01  9.03374374e-01 -1.21913567e-01 -8.91438065e+01]
 [ 3.56734455e-01  2.82533526e-01  8.90457988e-01  9.17998962e+02]
 [ 0.00000000e+00  0.00000000e+00  0.00000000e+00  1.00000000e+00]]"
9,000009,299,datasets/bop23_challenge/datasets/ycbv/train_pbr/000009/rgb/000299.jpg,1.0,1,8,"[[-9.27447915e-01 -1.48760118e-02  3.73656929e-01  3.12001991e+00]
 [-7.22683892e-02 -9.73242104e-01 -2.18122855e-01  4.52901001e+01]
 [ 3.66903365e-01 -2.29301125e-01  9.01555836e-01  7.84591736e+02]
 [ 0.00000000e+00  0.00000000e+00  0.00000000e+00  1.00000000e+00]]"
10,000002,133,datasets/bop23_challenge/datasets/ycbv/train_pbr/000002/rgb/000133.jpg,0.9998750624687656,1,5,"[[-7.24667966e-01 -5.87172806e-01 -3.60672235e-01  1.09942257e+00]
 [ 5.06742597e-01 -8.08765829e-01  2.98512459e-01 -1.40712423e+01]
 [-4.66977775e-01  3.35544273e-02  8.83632183e-01  8.12420166e+02]
 [ 0.00000000e+00  0.00000000e+00  0.00000000e+00  1.00000000e+00]]"
11,000000,843,datasets/bop23_challenge/datasets/ycbv/train_pbr/000000/rgb/000843.jpg,0.9302297239656329,1,9,"[[-8.56822968e-01  4.87652868e-01 -1.67478964e-01  1.65080948e+01]
 [-5.03604650e-01 -7.21807003e-01  4.74738985e-01 -6.29119110e+01]
 [ 1.10620350e-01  4.91110414e-01  8.64044964e-01  5.90843384e+02]
 [ 0.00000000e+00  0.00000000e+00  0.00000000e+00  1.00000000e+00]]"
12,000009,284,datasets/bop23_challenge/datasets/ycbv/train_pbr/000009/rgb/000284.jpg,0.9134021509091694,1,8,"[[ 9.74828541e-01  2.03924313e-01 -9.01344866e-02 -1.01299370e+02]
 [-1.27422243e-01  8.41312051e-01  5.25316656e-01 -1.29615509e+02]
 [ 1.82956070e-01 -5.00608504e-01  8.46119463e-01  8.72011963e+02]
 [ 0.00000000e+00  0.00000000e+00  0.00000000e+00  1.00000000e+00]]"
13,000002,724,datasets/bop23_challenge/datasets/ycbv/train_pbr/000002/rgb/000724.jpg,0.9777089366287292,1,18,"[[-2.75938690e-01 -8.40822399e-01 -4.65699196e-01  1.58522522e+02]
 [ 8.72843206e-01 -4.22094107e-01  2.44911209e-01  1.47607849e+02]
 [-4.02495623e-01 -3.38901877e-01  8.50378036e-01  1.07769470e+03]
 [ 0.00000000e+00  0.00000000e+00  0.00000000e+00  1.00000000e+00]]"
14,000008,835,datasets/bop23_challenge/datasets/ycbv/train_pbr/000008/rgb/000835.jpg,0.9946212276739889,1,1,"[[ 5.94974399e-01 -6.12896264e-01  5.19965112e-01  7.72253799e+01]
 [ 7.05624044e-01  7.08064258e-01  2.71974541e-02  8.38728638e+01]
 [-3.84837955e-01  3.50718081e-01  8.53754401e-01  7.98678955e+02]
 [ 0.00000000e+00  0.00000000e+00  0.00000000e+00  1.00000000e+00]]"
15,000006,239,datasets/bop23_challenge/datasets/ycbv/train_pbr/000006/rgb/000239.jpg,0.9774529530121908,1,13,"[[-7.48632014e-01  4.83881354e-01  4.53220785e-01 -1.29034815e-04]
 [-4.21854883e-01 -8.75030100e-01  2.37404585e-01  1.10160639e-04]
 [ 5.11457443e-01 -1.34647423e-02  8.59203100e-01  9.75966125e+02]
 [ 0.00000000e+00  0.00000000e+00  0.00000000e+00  1.00000000e+00]]"
16,000009,141,datasets/bop23_challenge/datasets/ycbv/train_pbr/000009/rgb/000141.jpg,0.8647029455816275,1,7,"[[ 5.24133444e-01 -6.61569297e-01 -5.36293089e-01  6.43049393e+01]
 [ 8.50784421e-01  3.78593236e-01  3.64462823e-01 -5.87097397e+01]
 [-3.80804129e-02 -6.47296965e-01  7.61286139e-01  9.00562988e+02]
 [ 0.00000000e+00  0.00000000e+00  0.00000000e+00  1.00000000e+00]]"
17,000006,569,datasets/bop23_challenge/datasets/ycbv/train_pbr/000006/rgb/000569.jpg,0.8614365766683647,1,2,"[[-7.54297912e-01  4.54662114e-01 -4.73621398e-01  8.92365265e+01]
 [-6.52970433e-01 -5.94577551e-01  4.69156027e-01  1.68445496e+02]
 [-6.82971478e-02  6.63144112e-01  7.45369315e-01  1.21495007e+03]
 [ 0.00000000e+00  0.00000000e+00  0.00000000e+00  1.00000000e+00]]"
18,000003,604,datasets/bop23_challenge/datasets/ycbv/train_pbr/000003/rgb/000604.jpg,0.8298192771084337,1,8,"[[ 8.61702859e-01  1.81911122e-02  5.07087111e-01  2.80846832e+02]
 [-3.01980555e-01  8.21492791e-01  4.83691365e-01  8.07185059e+01]
 [-4.07769531e-01 -5.69928646e-01  7.13376045e-01  1.18549841e+03]
 [ 0.00000000e+00  0.00000000e+00  0.00000000e+00  1.00000000e+00]]"
19,000008,255,datasets/bop23_challenge/datasets/ycbv/train_pbr/000008/rgb/000255.jpg,0.9897204437905118,1,4,"[[-9.43867803e-01 -2.81382233e-01 -1.73024416e-01 -3.34698105e+01]
 [ 1.09962322e-01 -7.61581957e-01  6.38671339e-01  4.52201576e+01]
 [-3.11483055e-01  5.83795190e-01  7.49774277e-01  5.81788635e+02]
 [ 0.00000000e+00  0.00000000e+00  0.00000000e+00  1.00000000e+00]]"
20,000005,974,datasets/bop23_challenge/datasets/ycbv/train_pbr/000005/rgb/000974.jpg,0.8768662976010736,1,5,"[[ 5.33739448e-01  4.83240306e-01 -6.93974793e-01 -1.72259445e+02]
 [-7.13653862e-01  6.97653174e-01 -6.30730838e-02 -1.37428864e+02]
 [ 4.53674287e-01  5.28922379e-01  7.17231333e-01  9.71883911e+02]
 [ 0.00000000e+00  0.00000000e+00  0.00000000e+00  1.00000000e+00]]"
21,000007,27,datasets/bop23_challenge/datasets/ycbv/train_pbr/000007/rgb/000027.jpg,0.8109398532380556,1,4,"[[-7.32127368e-01  2.12959021e-01  6.47022605e-01  4.77483139e+01]
 [-5.17421722e-01 -7.91645169e-01 -3.24920058e-01  5.15464096e+01]
 [ 4.43017572e-01 -5.72666347e-01  6.89774394e-01  7.54998474e+02]
 [ 0.00000000e+00  0.00000000e+00  0.00000000e+00  1.00000000e+00]]"
22,000008,925,datasets/bop23_challenge/datasets/ycbv/train_pbr/000008/rgb/000925.jpg,0.8005204594400575,1,4,"[[ 6.94281638e-01 -5.20312905e-01  4.97239858e-01 -1.02660812e+02]
 [ 3.10601056e-01  8.39862049e-01  4.45150256e-01 -3.19370251e+01]
 [-6.49230301e-01 -1.54616445e-01  7.44710565e-01  1.26622876e+03]
 [ 0.00000000e+00  0.00000000e+00  0.00000000e+00  1.00000000e+00]]"
23,000006,881,datasets/bop23_challenge/datasets/ycbv/train_pbr/000006/rgb/000881.jpg,0.8209794348276372,1,3,"[[-6.11041933e-02  9.68792498e-01 -2.40223512e-01  3.85070816e-05]
 [-7.28211701e-01 -2.07866341e-01 -6.53069198e-01 -7.03044279e-05]
 [-6.82622910e-01  1.35028318e-01  7.18187511e-01  9.33394653e+02]
 [ 0.00000000e+00  0.00000000e+00  0.00000000e+00  1.00000000e+00]]"
24,000000,975,datasets/bop23_challenge/datasets/ycbv/train_pbr/000000/rgb/000975.jpg,0.9129789405325169,1,10,"[[-7.72937000e-01 -2.29706168e-02  6.34066999e-01  4.07374344e+01]
 [ 1.44034892e-01 -9.79606211e-01  1.40092030e-01  7.46367188e+01]
 [ 6.17917895e-01  1.99610069e-01  7.60482311e-01  1.25676440e+03]
 [ 0.00000000e+00  0.00000000e+00  0.00000000e+00  1.00000000e+00]]"
25,000000,873,datasets/bop23_challenge/datasets/ycbv/train_pbr/000000/rgb/000873.jpg,0.9593251150372095,1,7,"[[ 5.41214645e-01  8.39917600e-01 -4.03151065e-02  1.45802521e+02]
 [-6.10146463e-01  4.25244898e-01  6.68497086e-01 -2.76809464e+01]
 [ 5.78626156e-01 -3.37202370e-01  7.42621362e-01  1.00781360e+03]
 [ 0.00000000e+00  0.00000000e+00  0.00000000e+00  1.00000000e+00]]"
26,000006,842,datasets/bop23_challenge/datasets/ycbv/train_pbr/000006/rgb/000842.jpg,0.8353710307352692,1,12,"[[ 7.88040638e-01  2.79458761e-01 -5.48538744e-01 -2.22245575e+02]
 [-5.68474591e-01  6.72313333e-01 -4.74163949e-01  4.46124878e+01]
 [ 2.36280650e-01  6.85490787e-01  6.88675404e-01  1.22082690e+03]
 [ 0.00000000e+00  0.00000000e+00  0.00000000e+00  1.00000000e+00]]"
27,000005,791,datasets/bop23_challenge/datasets/ycbv/train_pbr/000005/rgb/000791.jpg,1.0,1,12,"[[-1.31992742e-01  6.13911748e-01  7.78261125e-01  3.70093471e-06]
 [-9.38402295e-01 -3.30326736e-01  1.01417378e-01 -1.93087602e-04]
 [ 3.19341719e-01 -7.16935635e-01  6.19696856e-01  8.68616516e+02]
 [ 0.00000000e+00  0.00000000e+00  0.00000000e+00  1.00000000e+00]]"
28,000007,608,datasets/bop23_challenge/datasets/ycbv/train_pbr/000007/rgb/000608.jpg,1.0,1,9,"[[-7.10663080e-01  8.19827151e-03 -7.03485072e-01 -6.39776573e+01]
 [ 2.92516887e-01 -9.05959129e-01 -3.06059420e-01 -1.15560127e+02]
 [-6.39837682e-01 -4.23286289e-01  6.41433179e-01  9.11834351e+02]
 [ 0.00000000e+00  0.00000000e+00  0.00000000e+00  1.00000000e+00]]"
29,000002,337,datasets/bop23_challenge/datasets/ycbv/train_pbr/000002/rgb/000337.jpg,0.8148371936891574,1,10,"[[ 7.96471238e-01  2.10487768e-01  5.66858411e-01 -1.27086413e+00]
 [ 1.29936382e-01  8.55980277e-01 -5.00414133e-01 -1.69769882e+02]
 [-5.90550661e-01  4.72221017e-01  6.54413640e-01  1.09246179e+03]
 [ 0.00000000e+00  0.00000000e+00  0.00000000e+00  1.00000000e+00]]"
30,000004,841,datasets/bop23_challenge/datasets/ycbv/train_pbr/000004/rgb/000841.jpg,1.0,1,11,"[[ 1.54441344e-02  9.97586071e-01  6.77029341e-02  1.23412964e+02]
 [-7.01141119e-01 -3.74689773e-02  7.12037504e-01 -3.45052834e+01]
 [ 7.12855399e-01 -5.84661551e-02  6.98869765e-01  8.92754761e+02]
 [ 0.00000000e+00  0.00000000e+00  0.00000000e+00  1.00000000e+00]]"
31,000004,351,datasets/bop23_challenge/datasets/ycbv/train_pbr/000004/rgb/000351.jpg,0.9132231404958677,1,12,"[[-2.96494305e-01 -5.18606603e-01 -8.01958978e-01 -1.69187439e+02]
 [ 9.25675094e-01 -3.62662971e-01 -1.07708715e-01  2.25258198e+01]
 [-2.34982401e-01 -7.74288476e-01  5.87588787e-01  1.12014514e+03]
 [ 0.00000000e+00  0.00000000e+00  0.00000000e+00  1.00000000e+00]]"
32,000004,873,datasets/bop23_challenge/datasets/ycbv/train_pbr/000004/rgb/000873.jpg,0.8836966943182292,1,14,"[[-2.13808298e-01  4.84068722e-01 -8.48506570e-01 -9.04253922e+01]
 [-9.51535165e-01 -2.99754292e-01  6.87613413e-02  7.09877701e+01]
 [-2.21058324e-01  8.22085619e-01  5.24698436e-01  8.72200562e+02]
 [ 0.00000000e+00  0.00000000e+00  0.00000000e+00  1.00000000e+00]]"
33,000002,575,datasets/bop23_challenge/datasets/ycbv/train_pbr/000002/rgb/000575.jpg,1.0,1,12,"[[ 5.11847176e-02 -7.79969871e-01  6.23720348e-01 -8.03374496e-05]
 [ 7.27271616e-01 -3.98908824e-01 -5.58522820e-01  1.57214759e-04]
 [ 6.84438527e-01  4.82201964e-01  5.46831906e-01  8.76123596e+02]
 [ 0.00000000e+00  0.00000000e+00  0.00000000e+00  1.00000000e+00]]"
34,000003,82,datasets/bop23_challenge/datasets/ycbv/train_pbr/000003/rgb/000082.jpg,0.8491467210475475,1,13,"[[-6.73684418e-01 -2.00325042e-01  7.11350739e-01 -1.41343822e+01]
 [-3.02719086e-01 -8.03297579e-01 -5.12908220e-01  1.02973007e+02]
 [ 6.74174428e-01 -5.60877502e-01  4.80526268e-01  9.89423889e+02]
 [ 0.00000000e+00  0.00000000e+00  0.00000000e+00  1.00000000e+00]]"
35,000005,211,datasets/bop23_challenge/datasets/ycbv/train_pbr/000005/rgb/000211.jpg,0.9472596843615495,1,15,"[[ 5.01591921e-01 -1.30174771e-01  8.55254412e-01 -1.15447707e-04]
 [ 4.01902422e-02  9.91053104e-01  1.27273262e-01 -3.68625151e-05]
 [-8.64170313e-01 -2.94663701e-02  5.02336025e-01  1.02541724e+03]
 [ 0.00000000e+00  0.00000000e+00  0.00000000e+00  1.00000000e+00]]"
36,000008,899,datasets/bop23_challenge/datasets/ycbv/train_pbr/000008/rgb/000899.jpg,0.891288761426779,1,11,"[[ 2.84663320e-01  5.20259798e-01 -8.05168748e-01  2.13351562e+02]
 [-9.57641661e-01  1.16246872e-01 -2.63456494e-01 -1.57715393e+02]
 [-4.34673689e-02  8.46059442e-01  5.31313539e-01  1.29033777e+03]
 [ 0.00000000e+00  0.00000000e+00  0.00000000e+00  1.00000000e+00]]"
37,000006,647,datasets/bop23_challenge/datasets/ycbv/train_pbr/000006/rgb/000647.jpg,0.8488421650802671,1,1,"[[ 4.94255751e-01  4.17861789e-01  7.62300968e-01 -2.66055813e+01]
 [-8.68723691e-01  2.05036134e-01  4.50865090e-01  1.88357101e+02]
 [ 3.21000777e-02 -8.85071576e-01  4.64346737e-01  1.14563245e+03]
 [ 0.00000000e+00  0.00000000e+00  0.00000000e+00  1.00000000e+00]]"
38,000007,71,datasets/bop23_challenge/datasets/ycbv/train_pbr/000007/rgb/000071.jpg,0.8714128035320088,1,16,"[[ 7.96157181e-01 -2.20066950e-01  5.63652635e-01  2.08322906e+02]
 [-3.12377036e-01  6.48305178e-01  6.94349349e-01 -3.31022415e+01]
 [-5.18222272e-01 -7.28883386e-01  4.47409004e-01  9.28097412e+02]
 [ 0.00000000e+00  0.00000000e+00  0.00000000e+00  1.00000000e+00]]"
39,000001,834,datasets/bop23_challenge/datasets/ycbv/train_pbr/000001/rgb/000834.jpg,1.0,1,2,"[[ 4.37132455e-02 -5.36869943e-01  8.42531800e-01  8.03243408e+01]
 [ 8.77496719e-01  4.23784822e-01  2.24512696e-01 -8.36299057e+01]
 [-4.77586329e-01  7.29504704e-01  4.89626616e-01  1.13148340e+03]
 [ 0.00000000e+00  0.00000000e+00  0.00000000e+00  1.00000000e+00]]"
40,000003,107,datasets/bop23_challenge/datasets/ycbv/train_pbr/000003/rgb/000107.jpg,0.9451275517762436,1,20,"[[-2.79612750e-01 -3.75632226e-01  8.83582234e-01 -1.43769211e+02]
 [ 8.02990913e-01 -5.95991254e-01  7.38904520e-04  1.11845779e+01]
 [ 5.26329517e-01  7.09714949e-01  4.68275636e-01  7.33377808e+02]
 [ 0.00000000e+00  0.00000000e+00  0.00000000e+00  1.00000000e+00]]"
41,000009,276,datasets/bop23_challenge/datasets/ycbv/train_pbr/000009/rgb/000276.jpg,0.8622870283265391,1,8,"[[ 8.01704764e-01  5.97451270e-01 -1.79285835e-02 -9.48184280e+01]
 [-3.12379986e-01  4.44370359e-01  8.39615226e-01 -1.62538879e+02]
 [ 5.09596109e-01 -6.67523026e-01  5.42885661e-01  9.81552612e+02]
 [ 0.00000000e+00  0.00000000e+00  0.00000000e+00  1.00000000e+00]]"
42,000006,893,datasets/bop23_challenge/datasets/ycbv/train_pbr/000006/rgb/000893.jpg,0.937455376267314,1,3,"[[ 2.05616921e-01  6.30286872e-01  7.48638868e-01  1.44546502e-04]
 [-5.26322663e-01  7.16151774e-01 -4.58378792e-01  1.14219416e-04]
 [-8.25049162e-01 -2.99775153e-01  4.78987187e-01  1.14160400e+03]
 [ 0.00000000e+00  0.00000000e+00  0.00000000e+00  1.00000000e+00]]"
43,000007,878,datasets/bop23_challenge/datasets/ycbv/train_pbr/000007/rgb/000878.jpg,1.0,1,16,"[[-3.40483516e-01 -9.38951373e-01 -4.94091325e-02 -1.52539978e+02]
 [ 4.63029802e-01 -2.13176042e-01  8.60325158e-01  1.03106491e+02]
 [-8.18336368e-01  2.70048648e-01  5.07345438e-01  9.48032532e+02]
 [ 0.00000000e+00  0.00000000e+00  0.00000000e+00  1.00000000e+00]]"
44,000004,381,datasets/bop23_challenge/datasets/ycbv/train_pbr/000004/rgb/000381.jpg,0.9097102696500287,1,14,"[[ 7.45064691e-02  7.45060921e-01 -6.62822127e-01  2.93219177e+02]
 [-5.39507985e-01  5.89113355e-01  6.01561904e-01  7.79552031e+00]
 [ 8.38677585e-01  3.12777460e-01  4.45858985e-01  1.14532446e+03]
 [ 0.00000000e+00  0.00000000e+00  0.00000000e+00  1.00000000e+00]]"
45,000004,748,datasets/bop23_challenge/datasets/ycbv/train_pbr/000004/rgb/000748.jpg,0.9961975120864794,1,6,"[[ 4.86976206e-01 -1.05672106e-01 -8.66999149e-01  1.40431778e+02]
 [ 2.93687999e-01  9.54665005e-01  4.86016572e-02 -2.45206223e+01]
 [ 8.22557926e-01 -2.78295100e-01  4.95933741e-01  9.96223450e+02]
 [ 0.00000000e+00  0.00000000e+00  0.00000000e+00  1.00000000e+00]]"
46,000008,836,datasets/bop23_challenge/datasets/ycbv/train_pbr/000008/rgb/000836.jpg,0.8306316590563166,1,1,"[[-9.35298860e-01  1.22091964e-01  3.32130134e-01 -1.24059227e+02]
 [ 2.36254469e-01 -4.83305305e-01  8.42971206e-01 -7.07706680e+01]
 [ 2.63440162e-01  8.66896868e-01  4.23189551e-01  5.87763306e+02]
 [ 0.00000000e+00  0.00000000e+00  0.00000000e+00  1.00000000e+00]]"
47,000009,815,datasets/bop23_challenge/datasets/ycbv/train_pbr/000009/rgb/000815.jpg,1.0,1,19,"[[-7.39446342e-01 -4.86674577e-01 -4.65153307e-01  1.28039841e+02]
 [ 6.04016125e-01 -1.74483657e-01 -7.77637720e-01 -1.35461472e+02]
 [ 2.97294855e-01 -8.55981171e-01  4.22980160e-01  1.03574731e+03]
 [ 0.00000000e+00  0.00000000e+00  0.00000000e+00  1.00000000e+00]]"
48,000007,20,datasets/bop23_challenge/datasets/ycbv/train_pbr/000007/rgb/000020.jpg,0.8468384074941452,1,17,"[[ 3.67637157e-01  2.99559027e-01  8.80401790e-01  2.43613144e+02]
 [-5.99016368e-01  8.00428629e-01 -2.22114008e-02 -6.71586761e+01]
 [-7.11352408e-01 -5.19209325e-01  4.73708093e-01  9.80395203e+02]
 [ 0.00000000e+00  0.00000000e+00  0.00000000e+00  1.00000000e+00]]"
49,000002,688,datasets/bop23_challenge/datasets/ycbv/train_pbr/000002/rgb/000688.jpg,0.9183351933302698,1,9,"[[-4.46147978e-01  2.19532907e-01 -8.67616057e-01 -6.61947327e+01]
 [-5.41820884e-01 -8.37850213e-01  6.66153729e-02 -1.30880234e+02]
 [-7.12307811e-01  4.99812722e-01  4.92752373e-01  1.09901550e+03]
 [ 0.00000000e+00  0.00000000e+00  0.00000000e+00  1.00000000e+00]]"
50,000001,346,datasets/bop23_challenge/datasets/ycbv/train_pbr/000001/rgb/000346.jpg,1.0,1,15,"[[-1.65696338e-01  8.86127830e-01  4.32807654e-01  2.36285686e+01]
 [-3.36647063e-01 -4.63336080e-01  8.19749177e-01  1.28698778e+01]
 [ 9.26937819e-01 -9.87407193e-03  3.75085205e-01  6.80160156e+02]
 [ 0.00000000e+00  0.00000000e+00  0.00000000e+00  1.00000000e+00]]"
51,000008,769,datasets/bop23_challenge/datasets/ycbv/train_pbr/000008/rgb/000769.jpg,1.0,1,16,"[[ 2.13578373e-01 -3.28214347e-01 -9.20141160e-01 -1.44923874e+02]
 [ 9.65974689e-01 -6.96830973e-02  2.49073043e-01 -5.20085793e+01]
 [-1.45867512e-01 -9.42029655e-01  3.02163839e-01  1.18073254e+03]
 [ 0.00000000e+00  0.00000000e+00  0.00000000e+00  1.00000000e+00]]"
52,000001,99,datasets/bop23_challenge/datasets/ycbv/train_pbr/000001/rgb/000099.jpg,1.0,1,13,"[[-6.25868961e-02  2.12705895e-01 -9.75109816e-01  2.24286453e+02]
 [-9.85305429e-01 -1.68744415e-01  2.64321323e-02  9.47758484e+01]
 [-1.58922002e-01  9.62435305e-01  2.20141381e-01  1.03868774e+03]
 [ 0.00000000e+00  0.00000000e+00  0.00000000e+00  1.00000000e+00]]"
53,000003,78,datasets/bop23_challenge/datasets/ycbv/train_pbr/000003/rgb/000078.jpg,0.8863021455986912,1,13,"[[ 2.49882653e-01 -4.36304361e-01 -8.64405692e-01  9.56311569e+01]
 [ 8.57047439e-01 -3.15767109e-01  4.07137394e-01 -1.24039093e+02]
 [-4.50586677e-01 -8.42573225e-01  2.95028806e-01  7.34766357e+02]
 [ 0.00000000e+00  0.00000000e+00  0.00000000e+00  1.00000000e+00]]"
54,000004,524,datasets/bop23_challenge/datasets/ycbv/train_pbr/000004/rgb/000524.jpg,0.8381728984354283,1,9,"[[-8.54833007e-01 -4.87291962e-01  1.78347573e-01 -1.32712753e+02]
 [ 2.86114126e-01 -1.55891746e-01  9.45429504e-01  1.33007994e+01]
 [-4.32897240e-01  8.59211743e-01  2.72682041e-01  1.08461169e+03]
 [ 0.00000000e+00  0.00000000e+00  0.00000000e+00  1.00000000e+00]]"
55,000002,299,datasets/bop23_challenge/datasets/ycbv/train_pbr/000002/rgb/000299.jpg,0.9083235000453844,1,20,"[[ 5.04649341e-01 -7.05261528e-01 -4.97931004e-01 -9.91915359e+01]
 [-4.55730893e-02  5.54193735e-01 -8.31139266e-01 -1.45477661e+02]
 [ 8.62120748e-01  4.42126155e-01  2.47532547e-01  9.17898804e+02]
 [ 0.00000000e+00  0.00000000e+00  0.00000000e+00  1.00000000e+00]]"
56,000009,501,datasets/bop23_challenge/datasets/ycbv/train_pbr/000009/rgb/000501.jpg,0.9879711986446421,1,20,"[[-4.81399029e-01 -8.60392451e-01  1.67271495e-01  2.88670410e+02]
 [ 1.53992638e-01 -2.70894110e-01 -9.50211883e-01  1.98836502e+02]
 [ 8.62868011e-01 -4.31672513e-01  2.62902319e-01  1.22193372e+03]
 [ 0.00000000e+00  0.00000000e+00  0.00000000e+00  1.00000000e+00]]"
57,000002,298,datasets/bop23_challenge/datasets/ycbv/train_pbr/000002/rgb/000298.jpg,0.9999438454627134,1,20,"[[ 5.01204252e-01 -2.09303677e-01 -8.39634597e-01 -9.33216248e+01]
 [-4.92050946e-01  7.29233921e-01 -4.75503653e-01  8.25710983e+01]
 [ 7.11814702e-01  6.51467443e-01  2.62507081e-01  1.00486615e+03]
 [ 0.00000000e+00  0.00000000e+00  0.00000000e+00  1.00000000e+00]]"
58,000005,458,datasets/bop23_challenge/datasets/ycbv/train_pbr/000005/rgb/000458.jpg,0.9828445388448657,1,1,"[[-4.83185828e-01 -7.22142398e-01 -4.95017022e-01 -5.63486137e+01]
 [ 5.36268175e-01  2.02812657e-01 -8.19318891e-01  4.00745811e+01]
 [ 6.92060649e-01 -6.61345124e-01  2.89265782e-01  6.04498413e+02]
 [ 0.00000000e+00  0.00000000e+00  0.00000000e+00  1.00000000e+00]]"
59,000005,205,datasets/bop23_challenge/datasets/ycbv/train_pbr/000005/rgb/000205.jpg,0.980703322902697,1,15,"[[ 1.06821820e-01 -9.76244271e-01 -1.88510910e-01 -1.24649712e-04]
 [ 2.74404258e-01 -1.53286055e-01  9.49318647e-01 -2.34161809e-04]
 [-9.55662906e-01 -1.53136224e-01  2.51511186e-01  1.14619897e+03]
 [ 0.00000000e+00  0.00000000e+00  0.00000000e+00  1.00000000e+00]]"
60,000002,943,datasets/bop23_challenge/datasets/ycbv/train_pbr/000002/rgb/000943.jpg,0.8366252552432205,1,3,"[[ 2.43390322e-01 -3.13525140e-01  9.17857945e-01 -3.55270604e-05]
 [ 2.08584189e-01  9.41093087e-01  2.66151160e-01 -8.34081511e-05]
 [-9.47234869e-01  1.26672015e-01  2.94449329e-01  5.84817627e+02]
 [ 0.00000000e+00  0.00000000e+00  0.00000000e+00  1.00000000e+00]]"
61,000001,434,datasets/bop23_challenge/datasets/ycbv/train_pbr/000001/rgb/000434.jpg,0.8685446009389671,1,2,"[[-4.70062345e-01  4.32810724e-01 -7.69231260e-01 -9.84599609e+01]
 [-7.60348320e-01  2.44021550e-01  6.01933718e-01 -7.90828400e+01]
 [ 4.48232412e-01  8.67829800e-01  2.14381337e-01  1.16620410e+03]
 [ 0.00000000e+00  0.00000000e+00  0.00000000e+00  1.00000000e+00]]"
62,000000,129,datasets/bop23_challenge/datasets/ycbv/train_pbr/000000/rgb/000129.jpg,0.998297363213842,1,17,"[[-1.11472413e-01 -2.99552619e-01 -9.47545350e-01  1.11632996e+02]
 [ 8.88651192e-01  3.96752238e-01 -2.29971305e-01  6.68667603e+01]
 [ 4.44829255e-01 -8.67672741e-01  2.21970811e-01  8.76695312e+02]
 [ 0.00000000e+00  0.00000000e+00  0.00000000e+00  1.00000000e+00]]"
63,000005,760,datasets/bop23_challenge/datasets/ycbv/train_pbr/000005/rgb/000760.jpg,0.9997948437393148,1,18,"[[ 5.01865566e-01 -3.05198789e-01  8.09311330e-01  6.63481827e+01]
 [ 8.41369271e-01 -4.47157733e-02 -5.38607955e-01  3.93401566e+01]
 [ 2.00571343e-01  9.51238394e-01  2.34343469e-01  7.81148560e+02]
 [ 0.00000000e+00  0.00000000e+00  0.00000000e+00  1.00000000e+00]]"
64,000002,631,datasets/bop23_challenge/datasets/ycbv/train_pbr/000002/rgb/000631.jpg,0.9022082018927445,1,4,"[[ 2.10111201e-01  2.67448634e-01  9.40385401e-01  1.49091766e+02]
 [-9.66747761e-01 -8.65879208e-02  2.40627348e-01 -8.91183548e+01]
 [ 1.45781338e-01 -9.59673941e-01  2.40362138e-01  1.25835815e+03]
 [ 0.00000000e+00  0.00000000e+00  0.00000000e+00  1.00000000e+00]]"
65,000008,19,datasets/bop23_challenge/datasets/ycbv/train_pbr/000008/rgb/000019.jpg,0.9990817554303084,1,20,"[[-6.92388535e-01  6.25825226e-01 -3.59083354e-01 -1.42665726e+02]
 [ 1.13321953e-01 -3.97174090e-01 -9.10719931e-01  6.46167908e+01]
 [-7.12570131e-01 -6.71264112e-01  2.04079092e-01  7.48270447e+02]
 [ 0.00000000e+00  0.00000000e+00  0.00000000e+00  1.00000000e+00]]"
66,000006,84,datasets/bop23_challenge/datasets/ycbv/train_pbr/000006/rgb/000084.jpg,0.919076664212851,1,4,"[[-4.23193932e-01 -5.93136251e-01  6.84906244e-01 -2.22696030e+02]
 [ 6.54553533e-01  3.22538078e-01  6.83760941e-01 -2.27376595e+01]
 [-6.26471758e-01  7.37671137e-01  2.51743138e-01  9.42926758e+02]
 [ 0.00000000e+00  0.00000000e+00  0.00000000e+00  1.00000000e+00]]"
67,000005,293,datasets/bop23_challenge/datasets/ycbv/train_pbr/000005/rgb/000293.jpg,0.9796961262946571,1,17,"[[-4.69751269e-01  6.28083408e-01 -6.20358944e-01  1.98954224e+02]
 [ 1.11900464e-01 -6.54686570e-01 -7.47572124e-01 -1.14603341e+00]
 [-8.75678182e-01 -4.20591325e-01  2.37256795e-01  8.83020813e+02]
 [ 0.00000000e+00  0.00000000e+00  0.00000000e+00  1.00000000e+00]]"
68,000009,352,datasets/bop23_challenge/datasets/ycbv/train_pbr/000009/rgb/000352.jpg,1.0,1,19,"[[-2.17416510e-01  1.16515629e-01 -9.69099879e-01  1.93123779e+02]
 [-4.75109488e-01 -8.79926682e-01  7.95977830e-04 -6.96150360e+01]
 [-8.52643788e-01  4.60601538e-01  2.46667907e-01  9.76269348e+02]
 [ 0.00000000e+00  0.00000000e+00  0.00000000e+00  1.00000000e+00]]"
69,000008,605,datasets/bop23_challenge/datasets/ycbv/train_pbr/000008/rgb/000605.jpg,0.9964679169119502,1,0,"[[-2.08280817e-01  9.25336033e-03  9.78025377e-01  5.79830856e+01]
 [ 1.42971128e-01 -9.88926351e-01  3.98036949e-02  1.14806343e+02]
 [ 9.67563212e-01  1.48119733e-01  2.04651207e-01  8.69665283e+02]
 [ 0.00000000e+00  0.00000000e+00  0.00000000e+00  1.00000000e+00]]"
70,000001,356,datasets/bop23_challenge/datasets/ycbv/train_pbr/000001/rgb/000356.jpg,0.9443571428571429,1,1,"[[ 2.69075990e-01  6.59944117e-01 -7.01478362e-01  2.06132523e+02]
 [-4.55703698e-02  7.36248314e-01  6.75175309e-01 -1.85273499e+02]
 [ 9.62040305e-01 -1.49706855e-01  2.28180632e-01  1.10257922e+03]
 [ 0.00000000e+00  0.00000000e+00  0.00000000e+00  1.00000000e+00]]"
71,000008,312,datasets/bop23_challenge/datasets/ycbv/train_pbr/000008/rgb/000312.jpg,0.9980869299051117,1,3,"[[ 4.28760707e-01 -1.57674491e-01  8.89552236e-01  1.32471909e+02]
 [ 8.49186242e-01 -2.65678883e-01 -4.56396550e-01 -1.84676834e+02]
 [ 3.08297187e-01  9.51080382e-01  1.99822262e-02  1.16116077e+03]
 [ 0.00000000e+00  0.00000000e+00  0.00000000e+00  1.00000000e+00]]"
72,000003,455,datasets/bop23_challenge/datasets/ycbv/train_pbr/000003/rgb/000455.jpg,0.9412198267919661,1,3,"[[ 7.78441250e-01 -5.73741436e-01 -2.54656583e-01  5.21810989e+01]
 [-2.00362965e-01  1.57357648e-01 -9.67002273e-01 -1.52571915e+02]
 [ 5.94881415e-01  8.03778291e-01  7.53714889e-03  1.24961108e+03]
 [ 0.00000000e+00  0.00000000e+00  0.00000000e+00  1.00000000e+00]]"
73,000000,40,datasets/bop23_challenge/datasets/ycbv/train_pbr/000000/rgb/000040.jpg,0.9200038739044114,1,8,"[[ 8.61106813e-02 -1.72526449e-01 -9.81233656e-01  2.08170181e+02]
 [-6.09086633e-01  7.70282388e-01 -1.88887656e-01 -1.07900780e+02]
 [ 7.88415134e-01  6.13921583e-01 -3.87540124e-02  9.36223755e+02]
 [ 0.00000000e+00  0.00000000e+00  0.00000000e+00  1.00000000e+00]]"
74,000006,926,datasets/bop23_challenge/datasets/ycbv/train_pbr/000006/rgb/000926.jpg,0.9389488935721813,1,1,"[[ 1.64834470e-01 -5.19074261e-01  8.38684499e-01  1.24099075e+02]
 [ 2.30103418e-01 -8.06614578e-01 -5.44450045e-01 -1.85603424e+02]
 [ 9.59104896e-01  2.82728344e-01 -1.35173257e-02  1.07622156e+03]
 [ 0.00000000e+00  0.00000000e+00  0.00000000e+00  1.00000000e+00]]"
75,000000,980,datasets/bop23_challenge/datasets/ycbv/train_pbr/000000/rgb/000980.jpg,0.995991843049012,1,10,"[[ 1.98546089e-02 -9.99550402e-01  2.24692877e-02  5.81573105e+01]
 [-7.55723915e-04 -2.24887487e-02 -9.99746859e-01 -1.07735374e+02]
 [ 9.99802649e-01  1.98326372e-02 -1.20192394e-03  1.08816309e+03]
 [ 0.00000000e+00  0.00000000e+00  0.00000000e+00  1.00000000e+00]]"
76,000004,826,datasets/bop23_challenge/datasets/ycbv/train_pbr/000004/rgb/000826.jpg,0.9998419805109297,1,11,"[[ 1.82154864e-01  4.99588758e-01  8.46894741e-01 -1.91448364e+01]
 [-2.10701734e-01 -8.21464717e-01  5.29906273e-01 -1.96401520e+01]
 [ 9.60429311e-01 -2.74967223e-01 -4.43696566e-02  9.34510376e+02]
 [ 0.00000000e+00  0.00000000e+00  0.00000000e+00  1.00000000e+00]]"
77,000008,677,datasets/bop23_challenge/datasets/ycbv/train_pbr/000008/rgb/000677.jpg,1.0,1,4,"[[ 5.92112482e-01  7.98258126e-01  1.10393964e-01 -1.52361908e+01]
 [-7.36038014e-02 -8.28457773e-02  9.93840635e-01 -8.42738914e+00]
 [ 8.02486956e-01 -5.96590877e-01  9.70078912e-03  5.71087769e+02]
 [ 0.00000000e+00  0.00000000e+00  0.00000000e+00  1.00000000e+00]]"
78,000000,858,datasets/bop23_challenge/datasets/ycbv/train_pbr/000000/rgb/000858.jpg,1.0,1,7,"[[-8.18695843e-01 -5.73168814e-01 -3.48507129e-02 -1.44735657e+02]
 [ 5.19077927e-02 -1.34272762e-02 -9.98561561e-01  1.92706528e+01]
 [ 5.71876407e-01 -8.19327295e-01  4.07448299e-02  1.05956104e+03]
 [ 0.00000000e+00  0.00000000e+00  0.00000000e+00  1.00000000e+00]]"
79,000000,80,datasets/bop23_challenge/datasets/ycbv/train_pbr/000000/rgb/000080.jpg,0.8063534738927409,1,6,"[[ 7.60865211e-01  2.08250001e-01  6.14586174e-01  1.39688919e+02]
 [-5.91344476e-01 -1.67469740e-01  7.88838208e-01 -1.38102066e+02]
 [ 2.67200083e-01 -9.63631690e-01 -4.27442975e-03  7.79689087e+02]
 [ 0.00000000e+00  0.00000000e+00  0.00000000e+00  1.00000000e+00]]"
80,000006,44,datasets/bop23_challenge/datasets/ycbv/train_pbr/000006/rgb/000044.jpg,1.0,1,9,"[[ 9.91841614e-01 -3.22148465e-02  1.23338833e-01  1.01915253e+02]
 [-1.23309456e-01  2.90451711e-03  9.92364049e-01 -5.32082291e+01]
 [-3.23270969e-02 -9.99476790e-01 -1.09157432e-03  1.08335645e+03]
 [ 0.00000000e+00  0.00000000e+00  0.00000000e+00  1.00000000e+00]]"
81,000007,435,datasets/bop23_challenge/datasets/ycbv/train_pbr/000007/rgb/000435.jpg,0.9527344176399957,1,10,"[[-8.92910480e-01  2.83506244e-01 -3.49764317e-01 -8.74082870e+01]
 [ 3.34196776e-01 -1.03219524e-01 -9.36834157e-01 -1.48975723e+02]
 [-3.01700860e-01 -9.53399122e-01 -2.58106505e-03  9.75483337e+02]
 [ 0.00000000e+00  0.00000000e+00  0.00000000e+00  1.00000000e+00]]"
82,000009,17,datasets/bop23_challenge/datasets/ycbv/train_pbr/000009/rgb/000017.jpg,1.0,1,10,"[[-7.86338925e-01  5.39460838e-01 -3.01086038e-01  2.53984879e-04]
 [ 2.58879691e-01 -1.54777899e-01 -9.53427970e-01 -2.84495065e-04]
 [-5.60938597e-01 -8.27662766e-01 -1.79474261e-02  9.16284546e+02]
 [ 0.00000000e+00  0.00000000e+00  0.00000000e+00  1.00000000e+00]]"
83,000006,31,datasets/bop23_challenge/datasets/ycbv/train_pbr/000006/rgb/000031.jpg,0.9973938942665674,1,9,"[[-5.73710680e-01  7.70065665e-01 -2.79025018e-01 -2.84618950e+01]
 [ 1.92454323e-01 -2.04386428e-01 -9.59785163e-01  5.34782410e+01]
 [-7.96126485e-01 -6.04338586e-01 -3.09437830e-02  1.10942493e+03]
 [ 0.00000000e+00  0.00000000e+00  0.00000000e+00  1.00000000e+00]]"
84,000001,985,datasets/bop23_challenge/datasets/ycbv/train_pbr/000001/rgb/000985.jpg,0.9893891312971044,1,4,"[[ 2.32375741e-01 -6.54908061e-01 -7.19094574e-01 -1.14712719e-04]
 [ 2.57660806e-01 -6.71468198e-01  6.94796026e-01 -9.63813582e-05]
 [-9.37876582e-01 -3.46736252e-01  1.27111319e-02  9.06971008e+02]
 [ 0.00000000e+00  0.00000000e+00  0.00000000e+00  1.00000000e+00]]"
85,000001,987,datasets/bop23_challenge/datasets/ycbv/train_pbr/000001/rgb/000987.jpg,0.9981579681830868,1,4,"[[ 5.05248492e-04  8.44927356e-02  9.96424019e-01  1.69971245e-05]
 [-2.62550469e-02  9.96081710e-01 -8.44504014e-02 -2.29498793e-04]
 [-9.99655187e-01 -2.61184853e-02  2.72162911e-03  9.62183350e+02]
 [ 0.00000000e+00  0.00000000e+00  0.00000000e+00  1.00000000e+00]]"
86,000004,261,datasets/bop23_challenge/datasets/ycbv/train_pbr/000004/rgb/000261.jpg,0.8745714861867312,1,0,"[[-2.38418996e-01 -8.29999924e-01 -5.04239023e-01 -1.10704903e+02]
 [-1.20075129e-01 -4.90034729e-01  8.63393605e-01 -9.40811634e+00]
 [-9.63710964e-01  2.66395777e-01  1.71708800e-02  7.53414307e+02]
 [ 0.00000000e+00  0.00000000e+00  0.00000000e+00  1.00000000e+00]]"
87,000003,410,datasets/bop23_challenge/datasets/ycbv/train_pbr/000003/rgb/000410.jpg,0.9484716822928577,1,8,"[[-4.36181188e-01 -6.05436265e-01 -6.65727496e-01 -2.49049263e+01]
 [-4.15509224e-01 -5.20713449e-01  7.45794713e-01  1.26318184e+02]
 [-7.98184335e-01  6.01917446e-01 -2.44390909e-02  1.12441357e+03]
 [ 0.00000000e+00  0.00000000e+00  0.00000000e+00  1.00000000e+00]]"
88,000007,331,datasets/bop23_challenge/datasets/ycbv/train_pbr/000007/rgb/000331.jpg,0.9119176372712147,1,12,"[[ 6.56615794e-01  4.82283622e-01 -5.79877794e-01  1.19122787e+02]
 [-4.77323979e-01 -3.29561532e-01 -8.14586461e-01  9.05403595e+01]
 [-5.83967090e-01  8.11659932e-01  1.38102015e-02  6.79996521e+02]
 [ 0.00000000e+00  0.00000000e+00  0.00000000e+00  1.00000000e+00]]"
89,000003,453,datasets/bop23_challenge/datasets/ycbv/train_pbr/000003/rgb/000453.jpg,0.9609498680738786,1,3,"[[ 6.23667836e-01  1.61059588e-01  7.64917135e-01  2.14960495e+02]
 [ 7.31036544e-01  2.26345941e-01 -6.43702626e-01 -9.41874313e+01]
 [-2.76810378e-01  9.60639000e-01  2.34242361e-02  9.34411377e+02]
 [ 0.00000000e+00  0.00000000e+00  0.00000000e+00  1.00000000e+00]]"
90,000002,360,datasets/bop23_challenge/datasets/ycbv/train_pbr/000002/rgb/000360.jpg,0.8418142982786783,1,16,"[[ 9.94479537e-01  1.12988232e-02 -1.04320727e-01  2.01965118e+02]
 [-1.04463995e-01  1.29326629e-02 -9.94444609e-01  7.33591232e+01]
 [-9.88690462e-03  9.99852598e-01  1.40415877e-02  1.02949487e+03]
 [ 0.00000000e+00  0.00000000e+00  0.00000000e+00  1.00000000e+00]]"
91,000003,192,datasets/bop23_challenge/datasets/ycbv/train_pbr/000003/rgb/000192.jpg,0.9985860593090798,1,19,"[[ 1.36849850e-01 -9.89850819e-01 -3.83114181e-02  1.10802284e+02]
 [-2.09178984e-01 -6.66797161e-02  9.75601494e-01 -3.45746689e+01]
 [-9.68254387e-01 -1.25497103e-01 -2.16181204e-01  8.26712708e+02]
 [ 0.00000000e+00  0.00000000e+00  0.00000000e+00  1.00000000e+00]]"
92,000001,984,datasets/bop23_challenge/datasets/ycbv/train_pbr/000001/rgb/000984.jpg,0.9900159981039284,1,4,"[[ 5.44727640e-03  7.38498807e-01  6.74232900e-01  9.99968834e-05]
 [ 3.17978173e-01  6.37968004e-01 -7.01346397e-01 -1.50176720e-05]
 [-9.48082447e-01  2.18211815e-01 -2.31351316e-01  7.21978210e+02]
 [ 0.00000000e+00  0.00000000e+00  0.00000000e+00  1.00000000e+00]]"
93,000008,465,datasets/bop23_challenge/datasets/ycbv/train_pbr/000008/rgb/000465.jpg,0.9821769226576552,1,3,"[[ 2.94036895e-01  1.29593909e-02  9.55706239e-01 -1.27275627e+02]
 [ 3.84796828e-01 -9.16899681e-01 -1.05955169e-01 -1.55448029e+02]
 [ 8.74913573e-01  3.98907453e-01 -2.74589121e-01  1.00305103e+03]
 [ 0.00000000e+00  0.00000000e+00  0.00000000e+00  1.00000000e+00]]"
94,000001,314,datasets/bop23_challenge/datasets/ycbv/train_pbr/000001/rgb/000314.jpg,0.807504424778761,1,18,"[[ 2.63655663e-01 -3.84521224e-02  9.63850200e-01  2.88951233e+02]
 [-4.08966541e-01 -9.09413457e-01  7.55900741e-02 -7.82749023e+01]
 [ 8.73631597e-01 -4.14112240e-01 -2.55497724e-01  1.09854883e+03]
 [ 0.00000000e+00  0.00000000e+00  0.00000000e+00  1.00000000e+00]]"
95,000003,752,datasets/bop23_challenge/datasets/ycbv/train_pbr/000003/rgb/000752.jpg,0.9837725719863348,1,18,"[[ 1.84006006e-01 -5.35199046e-01 -8.24441612e-01  2.47935211e+02]
 [-6.74762964e-01  5.41122615e-01 -5.01877785e-01  1.21432327e+02]
 [ 7.14728534e-01  6.48651183e-01 -2.61562705e-01  1.07264270e+03]
 [ 0.00000000e+00  0.00000000e+00  0.00000000e+00  1.00000000e+00]]"
96,000000,859,datasets/bop23_challenge/datasets/ycbv/train_pbr/000000/rgb/000859.jpg,0.9995476903940748,1,7,"[[-7.13106453e-01 -5.91561079e-01 -3.76211196e-01 -1.30588760e+02]
 [ 1.27375200e-01  4.18374658e-01 -8.99298787e-01  7.15351410e+01]
 [ 6.89387381e-01 -6.89215660e-01 -2.22995505e-01  1.00106702e+03]
 [ 0.00000000e+00  0.00000000e+00  0.00000000e+00  1.00000000e+00]]"
97,000007,14,datasets/bop23_challenge/datasets/ycbv/train_pbr/000007/rgb/000014.jpg,0.8973366570453949,1,17,"[[-4.50310647e-01  2.48105898e-01 -8.57708573e-01 -2.53444916e+02]
 [ 8.83641839e-01 -1.39329629e-02 -4.67956275e-01 -4.36683464e+01]
 [-1.28053054e-01 -9.68632817e-01 -2.12962687e-01  1.05411829e+03]
 [ 0.00000000e+00  0.00000000e+00  0.00000000e+00  1.00000000e+00]]"
98,000003,766,datasets/bop23_challenge/datasets/ycbv/train_pbr/000003/rgb/000766.jpg,0.8024964336661912,1,18,"[[ 4.06605750e-01 -1.62521467e-01 -8.99032056e-01  3.08657318e+02]
 [-8.98547173e-01 -2.49057293e-01 -3.61363500e-01  1.70278366e+02]
 [-1.65181085e-01  9.54755127e-01 -2.47301385e-01  1.16546704e+03]
 [ 0.00000000e+00  0.00000000e+00  0.00000000e+00  1.00000000e+00]]"
99,000004,963,datasets/bop23_challenge/datasets/ycbv/train_pbr/000004/rgb/000963.jpg,0.9642100114136638,1,17,"[[-4.99221385e-01  5.44637553e-02  8.64761412e-01  6.05169678e+01]
 [-7.18399763e-01  5.31968415e-01 -4.48231578e-01  3.99007149e+01]
 [-4.84438241e-01 -8.45010936e-01 -2.26443425e-01  4.50856384e+02]
 [ 0.00000000e+00  0.00000000e+00  0.00000000e+00  1.00000000e+00]]"
100,000003,856,datasets/bop23_challenge/datasets/ycbv/train_pbr/000003/rgb/000856.jpg,1.0,1,9,"[[-6.72346711e-01 -1.92400366e-01  7.14795351e-01 -4.47073708e+01]
 [ 5.74426293e-01  4.73440707e-01  6.67748809e-01 -8.23066025e+01]
 [-4.66888368e-01  8.59555781e-01 -2.07796618e-01  1.00254059e+03]
 [ 0.00000000e+00  0.00000000e+00  0.00000000e+00  1.00000000e+00]]"
101,000003,887,datasets/bop23_challenge/datasets/ycbv/train_pbr/000003/rgb/000887.jpg,0.9463536437820166,1,4,"[[-2.17110798e-01  9.65037763e-01 -1.46851599e-01  1.83606606e+01]
 [ 2.25569993e-01  1.95967525e-01  9.54313934e-01 -9.87400341e+00]
 [ 9.49726999e-01  1.74066409e-01 -2.60230333e-01  6.77060303e+02]
 [ 0.00000000e+00  0.00000000e+00  0.00000000e+00  1.00000000e+00]]"
102,000000,146,datasets/bop23_challenge/datasets/ycbv/train_pbr/000000/rgb/000146.jpg,0.8211457369124756,1,17,"[[ 2.29532331e-01 -1.69652641e-01  9.58401382e-01 -1.21246117e+02]
 [-2.09512457e-01 -9.70219851e-01 -1.21567450e-01 -1.50966444e+01]
 [ 9.50483918e-01 -1.72893301e-01 -2.58241415e-01  9.69972473e+02]
 [ 0.00000000e+00  0.00000000e+00  0.00000000e+00  1.00000000e+00]]"
103,000002,733,datasets/bop23_challenge/datasets/ycbv/train_pbr/000002/rgb/000733.jpg,0.9587842654396993,1,0,"[[ 7.14811623e-01 -6.69826865e-01 -2.00938597e-01  4.19018593e+01]
 [-2.46158559e-02 -3.11257690e-01  9.50006783e-01  1.67572235e+02]
 [-6.98883712e-01 -6.74129605e-01 -2.38978997e-01  1.04595557e+03]
 [ 0.00000000e+00  0.00000000e+00  0.00000000e+00  1.00000000e+00]]"
104,000001,919,datasets/bop23_challenge/datasets/ycbv/train_pbr/000001/rgb/000919.jpg,0.8627232142857143,1,4,"[[-6.73283577e-01 -4.56090033e-01  5.81954837e-01 -1.76757370e+02]
 [ 2.63037384e-01  5.87840378e-01  7.65019655e-01  1.48807281e+02]
 [-6.91014409e-01  6.68150902e-01 -2.75814652e-01  1.00419238e+03]
 [ 0.00000000e+00  0.00000000e+00  0.00000000e+00  1.00000000e+00]]"
105,000003,88,datasets/bop23_challenge/datasets/ycbv/train_pbr/000003/rgb/000088.jpg,0.8025262286029817,1,13,"[[ 4.99515891e-01 -7.99116075e-01 -3.34510714e-01 -1.33691730e+01]
 [-6.99867159e-02 -4.22097951e-01  9.03844714e-01 -1.48664795e+02]
 [-8.63473117e-01 -4.28073525e-01 -2.66772181e-01  1.12331067e+03]
 [ 0.00000000e+00  0.00000000e+00  0.00000000e+00  1.00000000e+00]]"
